CollEn	Particle	Cent	dETdEta	dETdEta_err	dNdEta	dNdEta_err	npart	nparterr
7.7	pi-	0	42.0134	2.91319	105.233	7.96187	337	2
7.7	pi-	1	33.7496	2.24576	84.2087	5.70673	290	6
7.7	pi-	2	26.1729	1.89216	66.052	5.34661	226	8
7.7	pi-	3	17.893	1.35127	45.8634	4.02518	160	10
7.7	pi-	4	11.9335	0.903121	31.1496	2.757	110	11
7.7	pi-	5	7.72322	0.581361	21.058	1.8824	72	10
7.7	pi-	6	4.91739	0.411511	14.1603	1.48925	45	9
7.7	pi-	7	2.59383	0.359716	7.33462	1.32741	26	7
7.7	pi-	8	1.32908	0.0946974	3.94826	0.298651	14	4
7.7	pi+	0	38.9479	2.78861	92.7568	7.34026	337	2
7.7	pi+	1	31.8251	2.07323	77.2542	4.98908	290	6
7.7	pi+	2	24.3439	1.72333	59.4148	4.6044	226	8
7.7	pi+	3	16.6705	1.19002	41.4632	3.26933	160	10
7.7	pi+	4	11.0841	0.83501	28.253	2.47658	110	11
7.7	pi+	5	7.09008	0.416143	18.6603	0.980506	72	10
7.7	pi+	6	4.58932	0.364928	13.0581	1.24972	45	9
7.7	pi+	7	2.48161	0.189171	7.12389	0.619817	26	7
7.7	pi+	8	1.23548	0.088511	3.68598	0.286828	14	4
7.7	pi0	0	40.2892	2.70997	98.8546	6.91244	337	2
7.7	pi0	1	32.8656	2.13895	81.9073	5.30614	290	6
7.7	pi0	2	25.0835	1.65855	62.3945	4.19602	226	8
7.7	pi0	3	17.1092	1.12412	43.157	2.86298	160	10
7.7	pi0	4	11.5297	0.86017	30.1052	2.60938	110	11
7.7	pi0	5	7.31636	0.454612	19.5717	1.16842	72	10
7.7	pi0	6	4.7482	0.378095	13.7568	1.34292	45	9
7.7	pi0	7	2.58262	0.429072	7.56824	1.75397	26	7
7.7	pi0	8	1.29233	0.242893	3.92094	0.996185	14	4
7.7	ka-	0	4.14413	0.263305	5.13736	0.323048	337	2
7.7	ka-	1	3.40354	0.217926	4.23859	0.268366	290	6
7.7	ka-	2	2.4744	0.148915	3.11275	0.181581	226	8
7.7	ka-	3	1.64484	0.101819	2.11158	0.127957	160	10
7.7	ka-	4	1.04052	0.0648242	1.34218	0.0808163	110	11
7.7	ka-	5	0.614482	0.0413921	0.81451	0.0537683	72	10
7.7	ka-	6	0.33251	0.0526431	0.44756	0.0848405	45	9
7.7	ka-	7	0.14371	0.0346696	0.197829	0.0582064	26	7
7.7	ka-	8	0.0591897	0.0123326	0.0838898	0.0196518	14	4
7.7	ka+	0	12.065	0.767318	14.3605	0.902535	337	2
7.7	ka+	1	9.78835	0.610167	11.7916	0.722517	290	6
7.7	ka+	2	6.91034	0.427804	8.34704	0.508839	226	8
7.7	ka+	3	4.70108	0.290338	5.80406	0.352393	160	10
7.7	ka+	4	2.83957	0.176658	3.54282	0.217603	110	11
7.7	ka+	5	1.65207	0.101199	2.10646	0.125061	72	10
7.7	ka+	6	0.887438	0.0575212	1.15561	0.0729284	45	9
7.7	ka+	7	0.398021	0.0715467	0.52807	0.117457	26	7
7.7	ka+	8	0.156378	0.0132965	0.211407	0.0174395	14	4
7.7	pba	0	0.430613	0.0406357	0.19471	0.019633	337	2
7.7	pba	1	0.350275	0.0499044	0.159165	0.0269411	290	6
7.7	pba	2	0.280551	0.0275012	0.128217	0.0138928	226	8
7.7	pba	3	0.207253	0.0202706	0.0950825	0.0097773	160	10
7.7	pba	4	0.149252	0.0253548	0.0686878	0.0179196	110	11
7.7	pba	4	0.149252	0.0253548	0.0686878	0.0179196	110	11
7.7	pba	5	0.100423	0.0131222	0.0467579	0.00687417	72	10
7.7	pba	6	0.0544226	0.00934489	0.025952	0.00501729	45	9
7.7	pba	7	0.0286185	0.00425048	0.0137205	0.00213025	26	7
7.7	pba	8	0.0131188	0.00263388	0.00643681	0.0014955	14	4
7.7	pro	0	12.685	1.10267	31.0286	2.58521	337	2
7.7	pro	1	10.5265	0.916978	26.1421	2.20577	290	6
7.7	pro	2	7.33976	0.629861	19.0723	1.56096	226	8
7.7	pro	3	4.67604	0.405829	12.4856	1.04428	160	10
7.7	pro	4	2.94482	0.256627	8.24238	0.706323	110	11
7.7	pro	5	1.57682	0.136062	4.73648	0.405561	72	10
7.7	pro	6	0.829431	0.0713608	2.6305	0.224972	45	9
7.7	pro	7	0.371768	0.0460252	1.2808	0.377854	26	7
7.7	pro	8	0.14736	0.0139556	0.580648	0.0534482	14	4
7.7	eta	0	4.25598	6.60242	4.70872	7.63044	337	2
7.7	eta	1	3.40981	4.85313	3.79179	5.41528	290	6
7.7	eta	2	2.61373	3.63475	2.90831	4.00894	226	8
7.7	eta	3	1.74718	2.39796	1.96156	2.65147	160	10
7.7	eta	4	1.13123	1.56958	1.28238	1.76205	110	11
7.7	eta	5	0.68698	0.959231	0.793848	1.10175	72	10
7.7	eta	6	0.403365	0.574522	0.474827	0.677837	45	9
7.7	eta	7	0.213095	0.297123	0.252723	0.350177	26	7
7.7	eta	8	0.100488	0.131425	0.121786	0.15424	14	4
7.7	ome	0	0.893796	1.28866	4.50076	7.71507	337	2
7.7	ome	1	0.707375	1.02027	3.60293	6.20224	290	6
7.7	ome	2	0.542305	0.762279	2.75721	3.79556	226	8
7.7	ome	3	0.353137	0.497298	1.84257	2.55225	160	10
7.7	ome	4	0.222225	0.313127	1.19349	1.64824	110	11
7.7	ome	5	0.127197	0.179724	0.727533	1.01935	72	10
7.7	ome	6	0.0705198	0.0985548	0.427215	0.579837	45	9
7.7	ome	7	0.0359727	0.0524333	0.227903	0.330551	26	7
7.7	ome	8	0.0157448	0.0219149	0.10794	0.146621	14	4
11.5	pi-	0	53.7497	3.48851	129.373	8.42629	338	2
11.5	pi-	1	42.2178	2.68234	102.055	6.262	291	6
11.5	pi-	2	32.2203	2.09155	78.8328	5.07851	226	8
11.5	pi-	3	21.7599	1.40621	53.4692	3.40471	160	9
11.5	pi-	4	14.6762	0.955093	36.6159	2.37446	110	10
11.5	pi-	5	9.29702	0.6345	23.7789	1.74747	73	10
11.5	pi-	6	5.72356	0.402128	15.3613	1.19179	45	9
11.5	pi-	7	3.32129	0.548167	9.27605	2.14344	26	7
11.5	pi-	8	1.75859	0.273311	5.10185	1.07506	14	4
11.5	pi+	0	51.824	3.06829	122.083	6.34395	338	2
11.5	pi+	1	40.3656	2.68433	95.2063	6.4679	291	6
11.5	pi+	2	30.6509	1.99962	73.3584	4.76382	226	8
11.5	pi+	3	20.7691	1.3393	50.1386	3.17076	160	9
11.5	pi+	4	14.0484	0.910737	34.6185	2.22097	110	10
11.5	pi+	5	8.91519	0.561296	22.5726	1.38763	73	10
11.5	pi+	6	5.43658	0.379926	14.4452	1.07203	45	9
11.5	pi+	7	3.13225	0.176542	8.66962	0.430633	26	7
11.5	pi+	8	1.64815	0.1176	4.72307	0.360513	14	4
11.5	pi0	0	52.8953	3.25783	127.421	7.34059	338	2
11.5	pi0	0	52.8953	3.25783	127.421	7.34059	338	2
11.5	pi0	1	41.4637	2.9323	100.412	7.74019	291	6
11.5	pi0	2	31.5378	2.13987	77.335	5.48753	226	8
11.5	pi0	3	21.3076	1.3811	52.5192	3.3675	160	9
11.5	pi0	4	14.3977	0.934938	36.1459	2.3353	110	10
11.5	pi0	5	9.13806	0.639787	23.5669	1.81853	73	10
11.5	pi0	6	5.55104	0.327319	14.8995	0.792548	45	9
11.5	pi0	7	3.24343	0.223078	9.16582	0.673258	26	7
11.5	pi0	8	1.71587	0.300509	5.03997	1.22487	14	4
11.5	ka-	0	6.86481	0.433858	8.34477	0.526456	338	2
11.5	ka-	1	5.68796	0.352957	6.93055	0.424135	291	6
11.5	ka-	2	4.10072	0.2556	5.0486	0.313041	226	8
11.5	ka-	3	2.67066	0.160712	3.31308	0.194285	160	9
11.5	ka-	4	1.67835	0.100532	2.09235	0.121134	110	10
11.5	ka-	5	1.02904	0.0635807	1.31984	0.0794738	73	10
11.5	ka-	6	0.53485	0.0346627	0.690996	0.0436344	45	9
11.5	ka-	7	0.25719	0.0173116	0.341812	0.0226142	26	7
11.5	ka-	8	0.115658	0.0131985	0.156887	0.0185591	14	4
11.5	ka+	0	14.6989	0.905785	17.3264	1.0456	338	2
11.5	ka+	1	11.8391	0.730107	14.1077	0.85389	291	6
11.5	ka+	2	8.47676	0.533815	10.1895	0.639667	226	8
11.5	ka+	3	5.45765	0.340422	6.61319	0.408608	160	9
11.5	ka+	4	3.43385	0.203936	4.1552	0.236103	110	10
11.5	ka+	5	2.04576	0.123443	2.55569	0.149334	73	10
11.5	ka+	6	1.0371	0.0671685	1.30707	0.083302	45	9
11.5	ka+	7	0.503119	0.0426805	0.648445	0.0594581	26	7
11.5	ka+	8	0.230313	0.016806	0.303099	0.0218433	14	4
11.5	pba	0	1.90407	0.16364	0.833626	0.0712862	338	2
11.5	pba	1	1.51811	0.132301	0.667273	0.0578914	291	6
11.5	pba	2	1.20918	0.10604	0.534321	0.0470561	226	8
11.5	pba	3	0.849241	0.0713958	0.379133	0.0317228	160	9
11.5	pba	4	0.589041	0.0576471	0.265913	0.0268887	110	10
11.5	pba	5	0.375644	0.0319567	0.1721	0.0146147	73	10
11.5	pba	6	0.231859	0.021731	0.107299	0.0102656	45	9
11.5	pba	7	0.123929	0.0216786	0.0584633	0.0144579	26	7
11.5	pba	8	0.0611909	0.011542	0.0291832	0.00771824	14	4
11.5	pro	0	10.3322	0.894573	25.5468	2.11397	338	2
11.5	pro	1	8.08612	0.712324	19.98	1.67603	291	6
11.5	pro	2	5.8479	0.544019	14.7749	1.483	226	8
11.5	pro	3	3.74663	0.331718	9.82546	0.876143	160	9
11.5	pro	4	2.30591	0.198486	6.28525	0.514407	110	10
11.5	pro	5	1.26608	0.108162	3.72492	0.308278	73	10
11.5	pro	6	0.65444	0.0565595	2.03892	0.175074	45	9
11.5	pro	7	0.293162	0.0251545	0.997185	0.0836945	26	7
11.5	pro	8	0.128166	0.0117012	0.458684	0.0423551	14	4
11.5	eta	0	5.74239	8.06015	6.28248	8.78643	338	2
11.5	eta	1	4.48111	6.80661	4.90445	7.70058	291	6
11.5	eta	2	3.36254	5.055	3.69909	5.71708	226	8
11.5	eta	3	2.26108	3.5193	2.49212	4.04799	160	9
11.5	eta	4	1.48756	2.04174	1.65915	2.24283	110	10
11.5	eta	5	0.915002	1.27214	1.02806	1.41675	73	10
11.5	eta	5	0.915002	1.27214	1.02806	1.41675	73	10
11.5	eta	6	0.527128	0.732569	0.601439	0.828748	45	9
11.5	eta	7	0.286107	0.413543	0.332664	0.485477	26	7
11.5	eta	8	0.143698	0.201917	0.168988	0.236946	14	4
11.5	ome	0	1.25014	1.84606	6.05881	8.55914	338	2
11.5	ome	1	0.973319	1.38354	4.72646	6.61198	291	6
11.5	ome	2	0.72223	1.04362	3.54175	5.98131	226	8
11.5	ome	3	0.483941	0.684673	2.37895	3.30927	160	9
11.5	ome	4	0.307449	0.434246	1.56656	2.18145	110	10
11.5	ome	5	0.185324	0.262392	0.963378	1.34989	73	10
11.5	ome	6	0.102011	0.143769	0.554682	0.768446	45	9
11.5	ome	7	0.0520381	0.0732234	0.303334	0.420153	26	7
11.5	ome	8	0.025008	0.0353583	0.152318	0.212161	14	4
19.6	pi-	0	69.9679	4.32595	163.318	9.40039	338	2
19.6	pi-	1	57.046	3.81367	135.2	9.38367	289	6
19.6	pi-	2	43.6225	3.47006	103.683	9.96114	225	9
19.6	pi-	3	29.2757	2.09103	70.0273	5.49811	158	10
19.6	pi-	4	19.4299	1.41609	46.9804	3.83275	108	11
19.6	pi-	5	12.0982	0.970799	29.6329	2.88204	71	10
19.6	pi-	6	7.43916	0.449463	18.9195	1.06675	44	9
19.6	pi-	7	4.19461	0.236826	11.2107	0.544816	26	7
19.6	pi-	8	2.22233	0.134641	6.15405	0.350859	14	5
19.6	pi+	0	68.2503	4.42716	156.739	10.035	338	2
19.6	pi+	1	55.6705	3.64411	130.233	8.60251	289	6
19.6	pi+	2	42.3634	2.87045	99.1118	6.97771	225	9
19.6	pi+	3	28.4203	2.05657	67.0231	5.39995	158	10
19.6	pi+	4	18.9896	1.31909	45.8857	3.39897	108	11
19.6	pi+	5	11.7663	0.867405	28.6446	2.40221	71	10
19.6	pi+	6	7.22377	1.0057	18.2726	3.62164	44	9
19.6	pi+	7	4.03629	0.495571	10.6158	1.72948	26	7
19.6	pi+	8	2.17184	0.128296	6.01295	0.324038	14	5
19.6	pi0	0	69.1695	4.62778	161.705	11.3007	338	2
19.6	pi0	1	56.5063	3.79119	134.681	9.4323	289	6
19.6	pi0	2	42.8942	3.17577	101.762	8.6272	225	9
19.6	pi0	3	29.0555	2.26705	70.2735	6.52566	158	10
19.6	pi0	4	19.1857	1.39191	46.7267	3.79087	108	11
19.6	pi0	5	11.9609	0.818306	29.561	2.15481	71	10
19.6	pi0	6	7.41129	1.04149	19.2166	3.80129	44	9
19.6	pi0	7	4.15238	0.625402	11.2317	2.36699	26	7
19.6	pi0	8	2.20431	0.39819	6.2014	1.58798	14	5
19.6	ka-	0	10.989	0.679283	13.0351	0.789826	338	2
19.6	ka-	1	8.993	0.551586	10.7194	0.642552	289	6
19.6	ka-	2	6.63672	0.470849	7.96912	0.594875	225	9
19.6	ka-	3	4.49764	0.276317	5.4577	0.329149	158	10
19.6	ka-	4	2.86315	0.180087	3.52903	0.221009	108	11
19.6	ka-	5	1.7263	0.103042	2.16791	0.125374	71	10
19.6	ka-	6	0.96733	0.0585653	1.23618	0.0728008	44	9
19.6	ka-	7	0.47936	0.06361	0.625327	0.101407	26	7
19.6	ka-	8	0.222029	0.014808	0.29482	0.0194708	14	5
19.6	ka+	0	17.593	1.06678	20.6265	1.21033	338	2
19.6	ka+	1	14.4571	0.913729	16.9722	1.05885	289	6
19.6	ka+	1	14.4571	0.913729	16.9722	1.05885	289	6
19.6	ka+	2	10.564	0.644653	12.4862	0.740902	225	9
19.6	ka+	3	7.08948	0.560597	8.47909	0.731374	158	10
19.6	ka+	4	4.35177	0.270145	5.33707	0.328279	108	11
19.6	ka+	5	2.59949	0.156663	3.2311	0.190165	71	10
19.6	ka+	6	1.45335	0.0903735	1.82596	0.111968	44	9
19.6	ka+	7	0.706896	0.0450743	0.905444	0.0573315	26	7
19.6	ka+	8	0.333476	0.0472917	0.432899	0.0753178	14	5
19.6	pba	0	5.66238	0.49754	2.45013	0.217677	338	2
19.6	pba	1	4.52755	0.397941	1.97199	0.174985	289	6
19.6	pba	2	3.585	0.322175	1.56719	0.143685	225	9
19.6	pba	3	2.54646	0.229367	1.12053	0.102669	158	10
19.6	pba	4	1.72125	0.150152	0.765964	0.0672747	108	11
19.6	pba	5	1.12181	0.101224	0.503381	0.0460611	71	10
19.6	pba	6	0.678509	0.0548117	0.308451	0.0246863	44	9
19.6	pba	7	0.365732	0.0295725	0.16856	0.0135202	26	7
19.6	pba	8	0.17993	0.014635	0.0841057	0.00686347	14	5
19.6	pro	0	8.49072	0.751433	20.1125	1.69769	338	2
19.6	pro	1	6.84417	0.609922	16.3719	1.41048	289	6
19.6	pro	2	5.08959	0.447519	12.3402	1.04989	225	9
19.6	pro	3	3.11213	0.268838	8.00606	0.670125	158	10
19.6	pro	4	1.81946	0.157895	4.9051	0.42051	108	11
19.6	pro	5	1.09287	0.0945494	3.01923	0.254627	71	10
19.6	pro	6	0.54783	0.0473183	1.64361	0.141239	44	9
19.6	pro	7	0.271917	0.0236012	0.848849	0.0757116	26	7
19.6	pro	8	0.114961	0.0100602	0.38777	0.035702	14	5
19.6	eta	0	7.81157	10.8428	8.421	11.57	338	2
19.6	eta	1	6.26685	8.52369	6.77017	9.01065	289	6
19.6	eta	2	4.78012	6.51899	5.16676	6.90549	225	9
19.6	eta	3	3.17542	4.89896	3.44994	5.52765	158	10
19.6	eta	4	2.07152	3.04949	2.26727	3.39456	108	11
19.6	eta	5	1.26668	1.74023	1.39776	1.89195	71	10
19.6	eta	6	0.744465	1.03815	0.8298	1.14838	44	9
19.6	eta	7	0.396261	0.553038	0.446876	0.619419	26	7
19.6	eta	8	0.197172	0.275861	0.224917	0.312743	14	5
19.6	ome	0	1.77612	2.55805	8.21388	11.7682	338	2
19.6	ome	1	1.41983	2.01284	6.58411	9.17127	289	6
19.6	ome	2	1.08114	1.52274	5.0179	6.95948	225	9
19.6	ome	3	0.709576	1.02298	3.3308	5.55281	158	10
19.6	ome	4	0.454334	0.653785	2.17195	3.04919	108	11
19.6	ome	5	0.271705	0.384592	1.32842	1.85899	71	10
19.6	ome	6	0.155447	0.22193	0.78133	1.09148	44	9
19.6	ome	7	0.0799063	0.112863	0.416125	0.58338	26	7
19.6	ome	8	0.0381684	0.053696	0.209973	0.290085	14	5
27	pi-	0	76.9346	4.99872	175.987	11.369	343	2
27	pi-	1	64.4064	3.91896	150.47	8.35666	299	6
27	pi-	2	47.9717	3.39905	110.667	8.60338	234	9
27	pi-	3	32.5239	2.31476	75.5934	5.88762	166	11
27	pi-	4	21.3438	1.44453	50.1727	3.5086	114	11
27	pi-	5	13.2021	0.927073	31.2278	2.37012	75	10
27	pi-	6	8.04739	1.08832	19.9177	3.85008	47	9
27	pi-	6	8.04739	1.08832	19.9177	3.85008	47	9
27	pi-	7	4.48318	0.513619	11.464	1.74222	27	8
27	pi-	8	2.2739	0.314816	6.12413	1.15253	14	6
27	pi+	0	74.8603	5.97309	168.439	16.1618	343	2
27	pi+	1	62.9467	4.62327	144.605	12.187	299	6
27	pi+	2	47.2696	3.70584	108.261	10.1371	234	9
27	pi+	3	32.0458	4.65331	74.2271	16.3051	166	11
27	pi+	4	21.3398	1.47878	50.5035	3.71652	114	11
27	pi+	5	13.1753	0.901038	31.4598	2.2572	75	10
27	pi+	6	7.81082	0.794052	19.0025	2.49635	47	9
27	pi+	7	4.47444	0.306805	11.5577	0.820231	27	8
27	pi+	8	2.22869	0.122886	6.01648	0.277826	14	6
27	pi0	0	76.1779	4.77658	175.154	10.3462	343	2
27	pi0	1	63.7207	4.58203	149.028	12.049	299	6
27	pi0	2	47.6985	3.76069	110.826	10.5256	234	9
27	pi0	3	32.5151	4.67035	76.8144	16.6813	166	11
27	pi0	4	21.3763	1.45996	50.9759	3.64334	114	11
27	pi0	5	13.2786	0.910422	32.1105	2.32218	75	10
27	pi0	6	7.95175	0.915478	19.7662	3.10656	47	9
27	pi0	7	4.52246	0.498276	11.8688	1.69943	27	8
27	pi0	8	2.24129	0.227612	6.08854	0.757522	14	6
27	ka-	0	13.3218	0.820274	15.6931	0.947796	343	2
27	ka-	1	10.9877	0.843577	12.978	1.07817	299	6
27	ka-	2	8.39174	0.531661	9.95924	0.622857	234	9
27	ka-	3	5.67124	0.352552	6.77698	0.41347	166	11
27	ka-	4	3.55363	0.210836	4.27529	0.243531	114	11
27	ka-	5	2.15134	0.129137	2.63364	0.153202	75	10
27	ka-	6	1.19129	0.0723115	1.47781	0.0874789	47	9
27	ka-	7	0.586737	0.035045	0.737368	0.0425656	27	8
27	ka-	8	0.265247	0.0269248	0.339275	0.0400291	14	6
27	ka+	0	18.8223	1.40071	21.7212	1.73184	343	2
27	ka+	1	15.504	1.0766	17.9855	1.30733	299	6
27	ka+	2	11.6193	0.929169	13.5204	1.18968	234	9
27	ka+	3	7.70307	0.490702	9.01851	0.566114	166	11
27	ka+	4	4.85063	0.291079	5.74382	0.331321	114	11
27	ka+	5	2.95584	0.177989	3.57078	0.208011	75	10
27	ka+	6	1.62353	0.0973092	1.98515	0.114941	47	9
27	ka+	7	0.813477	0.0495141	1.01447	0.0601839	27	8
27	ka+	8	0.359938	0.0422874	0.456444	0.0648619	14	6
27	pba	0	8.38384	0.738082	3.61008	0.322441	343	2
27	pba	1	6.9755	0.617713	3.01402	0.271312	299	6
27	pba	2	5.45954	0.478778	2.36962	0.210279	234	9
27	pba	3	3.87785	0.335602	1.69607	0.147925	166	11
27	pba	4	2.61423	0.226514	1.15448	0.100746	114	11
27	pba	5	1.69968	0.146189	0.757843	0.0655535	75	10
27	pba	6	0.954264	0.0837259	0.430723	0.0380641	47	9
27	pba	7	0.523653	0.042271	0.239543	0.0192357	27	8
27	pba	8	0.229941	0.0197361	0.106732	0.00925147	14	6
27	pro	0	7.86005	0.699387	18.2174	1.55728	343	2
27	pro	1	6.4062	0.571506	15.0717	1.30755	299	6
27	pro	2	4.76226	0.452489	11.4125	1.11189	234	9
27	pro	2	4.76226	0.452489	11.4125	1.11189	234	9
27	pro	3	3.0588	0.26678	7.56147	0.631839	166	11
27	pro	4	1.87452	0.162214	4.84481	0.395514	114	11
27	pro	5	1.07329	0.0933985	2.92497	0.252296	75	10
27	pro	6	0.55957	0.0507062	1.61709	0.154587	47	9
27	pro	7	0.269252	0.0232906	0.832224	0.0730838	27	8
27	pro	8	0.103807	0.00895893	0.348261	0.0301151	14	6
27	eta	0	8.78833	13.6285	9.38754	15.3087	343	2
27	eta	1	7.23084	9.91905	7.744	10.4448	299	6
27	eta	2	5.45901	7.53602	5.8367	7.93972	234	9
27	eta	3	3.66303	5.08766	3.93135	5.40734	166	11
27	eta	4	2.3816	3.53972	2.56869	3.89907	114	11
27	eta	5	1.45467	2.00093	1.57913	2.14079	75	10
27	eta	6	0.843341	1.18419	0.923868	1.29184	47	9
27	eta	7	0.452587	0.633285	0.501017	0.696976	27	8
27	eta	8	0.212862	0.291682	0.237058	0.319601	14	6
27	ome	0	2.04826	3.1264	9.23008	15.471	343	2
27	ome	1	1.67669	2.47297	7.59091	10.6939	299	6
27	ome	2	1.27086	1.94711	5.72355	8.21909	234	9
27	ome	3	0.844849	1.23922	3.83753	6.47961	166	11
27	ome	4	0.5428	0.786626	2.49417	3.58298	114	11
27	ome	5	0.326063	0.463856	1.52349	2.12177	75	10
27	ome	6	0.184627	0.260964	0.88344	1.22808	47	9
27	ome	7	0.0962772	0.136142	0.474304	0.664577	27	8
27	ome	8	0.0443371	0.0623257	0.225643	0.311679	14	6
39	pi-	0	80.8563	5.04012	180.862	10.4605	342	2
39	pi-	1	67.3259	4.1577	152.093	8.61044	294	6
39	pi-	2	52.1549	3.53	118.575	8.34623	230	9
39	pi-	3	35.3926	2.49523	80.8877	6.16067	162	10
39	pi-	4	23.2229	1.59186	53.7364	3.85176	111	11
39	pi-	5	14.6977	1.02039	34.4192	2.54028	74	10
39	pi-	6	9.17484	0.620534	22.3536	1.55848	46	9
39	pi-	7	5.03157	0.565738	12.5289	1.88117	26	7
39	pi-	8	2.80317	0.299321	7.21926	0.985315	14	5
39	pi+	0	79.9019	5.02176	176.448	10.3562	342	2
39	pi+	1	66.1293	5.35421	146.93	14.3239	294	6
39	pi+	2	51.2584	3.42764	115.268	7.87233	230	9
39	pi+	3	34.7804	2.55017	78.8651	6.51855	162	10
39	pi+	4	22.8206	1.69478	52.482	4.4106	111	11
39	pi+	5	14.4726	1.00181	33.8154	2.47367	74	10
39	pi+	6	9.01848	1.06882	21.9193	3.58504	46	9
39	pi+	7	4.9551	0.572551	12.3295	1.92401	26	7
39	pi+	8	2.76127	0.167786	7.10048	0.39771	14	5
39	pi0	0	80.5754	6.30678	181.154	16.8066	342	2
39	pi0	1	66.7973	6.19096	151.118	18.9049	294	6
39	pi0	2	51.7982	3.47024	118.407	8.17385	230	9
39	pi0	3	35.1503	2.50917	80.904	6.34109	162	10
39	pi0	4	22.9065	1.63914	52.9476	4.16914	111	11
39	pi0	5	14.6216	1.02497	34.6162	2.60375	74	10
39	pi0	6	9.12603	1.06311	22.5089	3.60183	46	9
39	pi0	7	5.07182	0.327907	12.9809	0.821922	26	7
39	pi0	7	5.07182	0.327907	12.9809	0.821922	26	7
39	pi0	8	2.82902	0.293608	7.493	0.973736	14	5
39	ka-	0	15.3173	0.945593	17.605	1.05909	342	2
39	ka-	1	13.0903	0.950572	15.183	1.16508	294	6
39	ka-	2	9.61264	0.594773	11.159	0.673677	230	9
39	ka-	3	6.4098	0.430412	7.50807	0.512397	162	10
39	ka-	4	4.13756	0.249671	4.88007	0.283679	111	11
39	ka-	5	2.52186	0.152811	3.0379	0.178786	74	10
39	ka-	6	1.46034	0.0877159	1.78677	0.103975	46	9
39	ka-	7	0.729515	0.0446918	0.894029	0.0534493	26	7
39	ka-	8	0.36863	0.0246295	0.457136	0.0309477	14	5
39	ka+	0	19.6203	1.39374	22.4662	1.67003	342	2
39	ka+	1	16.9985	1.22461	19.5169	1.47741	294	6
39	ka+	2	12.423	0.79558	14.2823	0.901208	230	9
39	ka+	3	8.26229	0.520577	9.5659	0.591259	162	10
39	ka+	4	5.25468	0.318865	6.14371	0.359442	111	11
39	ka+	5	3.19036	0.193004	3.78231	0.220407	74	10
39	ka+	6	1.82329	0.114317	2.20282	0.135863	46	9
39	ka+	7	0.90904	0.0553302	1.0951	0.064426	26	7
39	ka+	8	0.462491	0.0298153	0.56389	0.0361473	14	5
39	pba	0	11.8673	1.02309	5.08979	0.442547	342	2
39	pba	1	10.14	0.892105	4.37449	0.391232	294	6
39	pba	2	7.50351	0.651737	3.24243	0.284396	230	9
39	pba	3	5.18781	0.4539	2.26315	0.20011	162	10
39	pba	4	3.6043	0.321438	1.58433	0.143648	111	11
39	pba	5	2.25048	0.201355	0.997418	0.0908387	74	10
39	pba	6	1.34703	0.117445	0.604879	0.0531247	46	9
39	pba	7	0.716571	0.0586832	0.325238	0.0265898	26	7
39	pba	8	0.347809	0.0280611	0.159607	0.0128334	14	5
39	pro	0	7.00893	0.630295	15.5352	1.32846	342	2
39	pro	1	5.79601	0.508342	13.2347	1.10836	294	6
39	pro	2	4.29858	0.37974	9.94791	0.83898	230	9
39	pro	3	2.87116	0.252817	6.74486	0.563766	162	10
39	pro	4	1.75847	0.153963	4.41684	0.367346	111	11
39	pro	5	1.02227	0.0890302	2.62527	0.217117	74	10
39	pro	6	0.552368	0.0479583	1.50827	0.124777	46	9
39	pro	7	0.257298	0.0223055	0.75522	0.0652118	26	7
39	pro	8	0.113747	0.00976617	0.345516	0.029028	14	5
39	eta	0	9.59256	14.2945	10.0835	15.3953	342	2
39	eta	1	7.92112	12.1192	8.3249	13.179	294	6
39	eta	2	6.08369	8.40968	6.41163	8.7522	230	9
39	eta	3	4.10074	5.60767	4.33546	5.81751	162	10
39	eta	4	2.65618	3.95868	2.81789	4.29234	111	11
39	eta	5	1.65553	2.31979	1.76705	2.46194	74	10
39	eta	6	0.990982	1.38493	1.06718	1.48126	46	9
39	eta	7	0.529779	0.721624	0.575057	0.768402	26	7
39	eta	8	0.285148	0.512096	0.311715	0.62243	14	5
39	ome	0	2.33026	3.49183	10.052	16.4742	342	2
39	ome	1	1.92564	2.85658	8.29022	13.6815	294	6
39	ome	2	1.47103	2.34901	6.35994	9.14	230	9
39	ome	3	0.985024	1.47476	4.28124	6.0668	162	10
39	ome	3	0.985024	1.47476	4.28124	6.0668	162	10
39	ome	4	0.63396	0.925294	2.74219	4.84132	111	11
39	ome	5	0.388275	0.572299	1.72853	2.91928	74	10
39	ome	6	0.227577	0.321966	1.03381	1.43867	46	9
39	ome	7	0.119123	0.173885	0.5527	0.779893	26	7
39	ome	8	0.0631203	0.0905312	0.297526	0.41544	14	5
62.4	pi-	0	85.5919	1.60273	225.586	3.85875	347	3
62.4	pi-	1	69.5926	2.79932	185.897	7.2596	294	4
62.4	pi-	2	52.1743	0.841587	138.891	2.09833	230	5
62.4	pi-	3	36.2929	0.589035	96.9589	1.4715	164	5
62.4	pi-	4	24.2517	0.389312	65.1893	0.981265	114	5
62.4	pi-	5	15.8272	0.2503	43.199	0.641635	76	5
62.4	pi-	6	9.96499	0.172906	27.5983	0.4599	48	5
62.4	pi-	7	5.55879	0.358851	15.9658	1.28664	28	3
62.4	pi-	8	2.88248	0.0512554	8.69789	0.155821	15	2
62.4	pi+	0	84.0353	3.55649	221.795	9.22731	347	3
62.4	pi+	1	68.8511	6.75106	183.127	17.6104	294	4
62.4	pi+	2	51.5503	0.826388	137.281	2.05858	230	5
62.4	pi+	3	35.9752	0.70659	96.5416	1.90065	164	5
62.4	pi+	4	23.8991	0.382347	64.2754	0.963754	114	5
62.4	pi+	5	15.57	0.246873	42.4353	0.631669	76	5
62.4	pi+	6	9.72441	0.13955	26.8649	0.341749	48	5
62.4	pi+	7	5.62855	0.249081	16.3165	0.884775	28	3
62.4	pi+	8	2.86413	0.0820155	8.6775	0.248721	15	2
62.4	pi0	0	80.5754	6.30678	181.154	16.8066	347	3
62.4	pi0	1	66.7973	6.19096	151.118	18.9049	294	4
62.4	pi0	2	83.4023	2.18333	196.771	4.03102	230	5
62.4	pi0	3	62.9007	1.63882	153.209	3.37502	164	5
62.4	pi0	4	43.7762	1.10617	109.424	2.33534	114	5
62.4	pi0	5	29.115	0.728844	73.8556	1.58364	76	5
62.4	pi0	6	18.7534	0.460451	48.5074	1.03859	48	5
62.4	pi0	7	11.3435	0.268949	29.8417	0.62485	28	3
62.4	pi0	8	6.35192	0.138729	17.2024	0.305927	15	2
62.4	ka+	0	16.5106	2.72763	20.7579	3.23949	347	3
62.4	ka+	1	13.499	2.18682	17.1527	2.69654	294	4
62.4	ka+	2	9.97882	1.98572	12.7487	2.38673	230	5
62.4	ka+	3	6.982	1.19786	8.85863	1.49345	164	5
62.4	ka+	4	4.63673	1.1462	5.91	1.3509	114	5
62.4	ka+	5	2.95179	0.199174	3.81304	0.260358	76	5
62.4	ka+	6	1.58948	0.157817	2.12896	0.195983	48	5
62.4	ka+	7	0.875562	0.0613675	1.16246	0.0806079	28	3
62.4	ka+	8	0.380321	0.0258995	0.516907	0.034762	15	2
62.4	ka-	0	13.533	1.04504	17.4567	1.33425	347	3
62.4	ka-	1	12.0055	3.22603	15.0689	3.64584	294	4
62.4	ka-	2	9.09016	1.34227	11.2192	1.65796	230	5
62.4	ka-	3	6.25714	1.41121	7.85741	1.65384	164	5
62.4	ka-	4	3.97043	0.483589	5.08646	0.612103	114	5
62.4	ka-	5	2.54052	0.194285	3.29536	0.247525	76	5
62.4	ka-	6	1.47508	0.102153	1.94109	0.133734	48	5
62.4	ka-	7	0.784068	0.0758462	1.03733	0.0939224	28	3
62.4	ka-	8	0.350851	0.0223775	0.479195	0.0300414	15	2
62.4	ka-	8	0.350851	0.0223775	0.479195	0.0300414	15	2
62.4	pba	0	15.059	0.443184	6.66156	0.233271	347	3
62.4	pba	1	12.6668	0.444662	5.61209	0.256071	294	4
62.4	pba	2	9.73713	0.315259	4.33209	0.17463	230	5
62.4	pba	3	6.93029	0.204706	3.0965	0.108368	164	5
62.4	pba	4	4.73179	0.144453	2.12655	0.076366	114	5
62.4	pba	5	3.06535	0.0853042	1.38824	0.0421386	76	5
62.4	pba	6	1.86482	0.0727194	0.850714	0.0421513	48	5
62.4	pba	7	1.04661	0.0362128	0.480363	0.0196328	28	3
62.4	pba	8	0.484914	0.0259714	0.223226	0.0173305	15	2
62.4	pro	0	5.50663	1.25251	13.896	2.09157	347	3
62.4	pro	1	4.42001	0.570562	11.3143	0.885863	294	4
62.4	pro	2	3.27786	0.816925	8.62451	1.38428	230	5
62.4	pro	3	2.08928	0.170851	5.77329	0.336013	164	5
62.4	pro	4	1.37368	0.0393309	3.90698	0.101488	114	5
62.4	pro	5	0.829579	0.0798463	2.46208	0.223162	76	5
62.4	pro	6	0.471023	0.0645869	1.46386	0.193618	48	5
62.4	pro	7	0.234265	0.00690695	0.764508	0.0186159	28	3
62.4	pro	8	0.0990353	0.0031557	0.337902	0.00874721	15	2
62.4	eta	0	6.63822	10.7675	8.51534	13.6689	347	3
62.4	eta	1	5.54315	30.4779	7.01178	37.393	294	4
62.4	eta	2	4.14518	5.47919	5.2745	7.11206	230	5
62.4	eta	3	2.83738	3.80621	3.63127	4.93581	164	5
62.4	eta	4	1.89604	3.16501	2.4283	3.93721	114	5
62.4	eta	5	1.19902	1.77849	1.55395	2.30558	76	5
62.4	eta	6	0.711336	1.00442	0.938745	1.31113	48	5
62.4	eta	7	0.393958	0.557253	0.516904	0.730696	28	3
62.4	eta	8	0.188774	0.270013	0.25266	0.35686	15	2
62.4	ome	0	2.33026	3.49183	10.052	16.4742	347	3
62.4	ome	1	1.92564	2.85658	8.29022	13.6815	294	4
62.4	ome	2	1.77617	2.50093	9.41969	13.072	230	5
62.4	ome	3	1.23931	1.75933	6.84001	9.52297	164	5
62.4	ome	4	0.815467	1.14855	4.61901	6.42006	114	5
62.4	ome	5	0.518337	0.724268	2.9717	4.19329	76	5
62.4	ome	6	0.310828	0.442773	1.88015	2.65897	48	5
62.4	ome	7	0.17288	0.243917	1.10306	1.54461	28	3
62.4	ome	8	0.091938	0.129156	0.595944	0.81672	15	2
200	pi+	0	123.147	3.14988	300.604	6.09952	350	3
200	pi+	1	98.1589	3.37191	243.921	8.20322	299	4
200	pi+	2	74.2232	1.37306	186.616	3.18955	234	5
200	pi+	3	53.3101	1.54821	133.698	3.85014	168	5
200	pi+	4	35.5272	1.00727	89.9748	3.05977	117	5
200	pi+	5	22.988	0.371441	58.7511	0.84285	78	5
200	pi+	6	14.4546	0.283747	37.4139	0.645696	49	5
200	pi+	7	8.54195	0.392761	22.7818	1.21596	29	4
200	pi+	8	4.48715	0.210304	12.5175	0.660461	16	3
200	pi-	0	125.191	4.69012	306.265	10.8376	350	3
200	pi-	1	99.6004	1.89363	247.842	4.28731	299	4
200	pi-	2	75.3594	1.38402	190.038	3.26108	234	5
200	pi-	3	53.6915	1.49021	135.277	3.70345	168	5
200	pi-	4	35.7153	1.76084	90.6417	4.54993	117	5
200	pi-	4	35.7153	1.76084	90.6417	4.54993	117	5
200	pi-	5	23.2997	0.415462	59.6676	0.996171	78	5
200	pi-	6	14.4713	0.305976	37.4722	0.719804	49	5
200	pi-	7	8.55009	0.369469	22.8161	1.16255	29	4
200	pi-	8	4.4894	0.200467	12.5735	0.709276	16	3
200	pi0	0	80.5754	6.30678	181.154	16.8066	350	3
200	pi0	1	66.7973	6.19096	151.118	18.9049	299	4
200	pi0	2	112.978	3.0131	255.023	5.56506	234	5
200	pi0	3	85.035	2.10956	195.459	3.82594	168	5
200	pi0	4	63.7732	1.83278	145.973	4.37258	117	5
200	pi0	5	42.8773	1.00643	101.25	1.88504	78	5
200	pi0	6	28.085	0.724626	68.22	1.68483	49	5
200	pi0	7	17.3163	0.427401	42.8677	1.0038	29	4
200	pi0	8	10.0097	0.24839	25.3303	0.60468	16	3
200	ka+	0	17.5147	1.65329	22.9367	2.0534	350	3
200	ka+	1	14.1359	1.22226	18.7146	1.53789	299	4
200	ka+	2	11.7229	0.959674	15.2611	1.2186	234	5
200	ka+	3	8.00585	0.909054	10.5407	1.14812	168	5
200	ka+	4	5.51132	0.485845	7.26376	0.603376	117	5
200	ka+	5	3.54664	0.455945	4.73271	0.531167	78	5
200	ka+	6	2.09476	0.148467	2.8796	0.195064	49	5
200	ka+	7	1.17078	0.0816708	1.62633	0.108023	29	4
200	ka+	8	0.586132	0.0800987	0.813401	0.100939	16	3
200	ka-	0	17.318	2.12958	22.5277	2.57544	350	3
200	ka-	1	14.338	2.2078	18.5405	2.67424	299	4
200	ka-	2	11.1504	0.97798	14.5809	1.23321	234	5
200	ka-	3	7.71012	0.87373	10.1387	1.10034	168	5
200	ka-	4	5.34788	0.589722	7.05075	0.703413	117	5
200	ka-	5	3.48524	0.399021	4.59686	0.50364	78	5
200	ka-	6	2.04798	0.175721	2.79536	0.22298	49	5
200	ka-	7	1.14367	0.0935618	1.58445	0.119327	29	4
200	ka-	8	0.576116	0.0410223	0.801296	0.0541172	16	3
200	pro	0	6.36323	0.678261	14.5493	1.08784	350	3
200	pro	1	4.94918	0.306104	11.9387	0.517785	299	4
200	pro	2	3.51204	0.160509	8.88471	0.317127	234	5
200	pro	3	2.37753	0.144978	6.32781	0.296066	168	5
200	pro	4	1.50557	0.0563038	4.20123	0.13369	117	5
200	pro	5	0.982664	0.280789	2.83111	0.601324	78	5
200	pro	6	0.597552	0.0263673	1.77443	0.0615886	49	5
200	pro	7	0.329508	0.0291795	1.00075	0.051295	29	4
200	pro	8	0.148557	0.00830751	0.500838	0.0242825	16	3
200	pba	0	24.8707	0.802906	10.934	0.453442	350	3
200	pba	1	20.2975	0.607356	8.96172	0.329898	299	4
200	pba	2	15.628	0.383368	6.92166	0.189291	234	5
200	pba	3	11.1077	0.309276	4.94699	0.166748	168	5
200	pba	4	7.55149	0.206921	3.38515	0.107308	117	5
200	pba	5	5.03204	0.189427	2.27056	0.111536	78	5
200	pba	6	3.19264	0.0878718	1.44792	0.0439461	49	5
200	pba	7	1.82025	0.0802222	0.834286	0.0469211	29	4
200	pba	8	0.930033	0.0541088	0.429424	0.0316147	16	3
200	eta	0	10.4718	41.8653	13.0504	51.0834	350	3
200	eta	0	10.4718	41.8653	13.0504	51.0834	350	3
200	eta	1	8.2427	12.3045	10.3381	15.5365	299	4
200	eta	2	6.30605	9.87117	7.82811	12.4464	234	5
200	eta	3	4.61055	7.78501	5.70143	9.71826	168	5
200	eta	4	3.03422	5.87621	3.77326	7.31713	117	5
200	eta	5	1.94057	2.68428	2.43127	3.39286	78	5
200	eta	6	1.187	1.71009	1.49539	2.15939	49	5
200	eta	7	0.676127	1.09296	0.857742	1.39082	29	4
200	eta	8	0.338391	0.469062	0.432712	0.600742	16	3
200	ome	0	2.33026	3.49183	10.052	16.4742	350	3
200	ome	1	1.92564	2.85658	8.29022	13.6815	299	4
200	ome	2	2.29932	3.27662	13.1518	18.3294	234	5
200	ome	3	1.64426	2.32132	9.69559	13.544	168	5
200	ome	4	1.31218	1.83949	7.43495	10.2798	117	5
200	ome	5	0.839022	1.17962	4.84609	6.70052	78	5
200	ome	6	0.521669	0.731551	3.06583	4.25673	49	5
200	ome	7	0.304269	0.426526	1.85294	2.55613	29	4
200	ome	8	0.167054	0.234687	1.03594	1.4386	16	3
130	pi+	0	101.99	1.51676	261.781	3.49428	344	3
130	pi+	1	83.9202	1.97571	219.746	4.69575	289	5
130	pi+	2	68.8163	1.32223	181.953	3.15118	237	7
130	pi+	3	51.6232	1.07835	138.167	2.71091	187	8
130	pi+	4	38.1854	2.02998	102.996	3.47653	141	8
130	pi+	5	26.4382	2.18887	73.1042	4.33522	100	9
130	pi+	6	15.4559	0.390157	42.6635	1.05244	61	8
130	pi+	7	6.14194	0.5358	17.5904	1.80556	23	5
130	pi-	0	101.978	1.49961	263.439	3.46955	344	3
130	pi-	1	84.1548	3.04843	220.96	7.54657	289	5
130	pi-	2	68.9406	1.39333	183.221	3.4098	237	7
130	pi-	3	51.0332	1.0683	130.779	2.68668	187	8
130	pi-	4	38.3573	0.836188	103.515	2.1024	141	8
130	pi-	5	25.9218	0.739491	72.1292	2.12891	100	9
130	pi-	6	15.6853	0.375909	43.1864	0.971619	61	8
130	pi-	7	6.07517	0.25432	17.3532	0.64868	23	5
130	pi0	0	102.5	2.5641	266.569	6.37004	344	3
130	pi0	1	84.3322	3.42636	223.587	8.64891	289	5
130	pi0	2	69.0947	1.93281	185.368	4.78678	237	7
130	pi0	3	51.8865	1.2111	140.787	3.15797	187	8
130	pi0	4	38.388	0.926951	104.756	2.40227	141	8
130	pi0	5	26.2267	1.45246	73.2917	3.5207	100	9
130	pi0	6	15.5467	0.389844	43.2343	1.04592	61	8
130	pi0	7	6.08278	0.220729	17.6296	0.597739	23	5
130	ka+	0	18.8055	2.22938	24.7798	2.77979	344	3
130	ka+	1	15.2194	1.75257	19.9452	2.19099	289	5
130	ka+	2	12.401	1.9721	16.1128	2.43516	237	7
130	ka+	3	10.0033	1.36613	12.8334	1.63734	187	8
130	ka+	4	7.24442	0.822508	9.43261	1.02546	141	8
130	ka+	5	4.9649	0.586548	6.55987	0.731983	100	9
130	ka+	6	2.98699	0.426716	4.0521	0.52511	61	8
130	ka+	7	1.02609	0.135793	1.38867	0.171387	23	5
130	ka-	0	17.7125	3.10483	23.057	3.76188	344	3
130	ka-	0	17.7125	3.10483	23.057	3.76188	344	3
130	ka-	1	14.4039	1.33376	18.6431	1.67497	289	5
130	ka-	2	11.571	1.91472	14.968	2.33955	237	7
130	ka-	3	8.68458	1.06027	11.4007	1.33213	187	8
130	ka-	4	6.27283	0.675365	8.374	0.871554	141	8
130	ka-	5	4.19776	0.596843	5.7041	0.769697	100	9
130	ka-	6	2.51122	0.409314	3.41491	0.53447	61	8
130	ka-	7	1.02755	0.345369	1.36546	0.395603	23	5
130	pba	0	15.8247	0.16543	7.11968	0.101851	344	3
130	pba	1	12.6772	0.330505	5.73906	0.238553	289	5
130	pba	2	10.4168	0.620764	4.73728	0.455594	237	7
130	pba	3	8.56738	0.405954	3.89375	0.28976	187	8
130	pba	4	6.5318	0.416835	2.98628	0.302604	141	8
130	pba	5	4.6962	0.348756	2.15806	0.251531	100	9
130	pba	6	2.93074	0.0841735	1.35735	0.0453536	61	8
130	pba	7	1.17064	0.0426917	0.546564	0.0244149	23	5
130	pro	0	3.50023	0.0806051	9.04389	0.237489	344	3
130	pro	1	2.68267	0.615185	7.32192	0.984937	289	5
130	pro	2	2.073	0.500195	6.02269	0.879195	237	7
130	pro	3	1.53619	0.0551339	4.73931	0.168149	187	8
130	pro	4	1.30128	0.0381766	4.10167	0.132356	141	8
130	pro	5	0.847948	0.0291359	2.85922	0.0976921	100	9
130	pro	6	0.534923	0.0234853	1.83631	0.0618053	61	8
130	pro	7	0.173632	0.0245453	0.682347	0.0726687	23	5
130	eta	0	8.24652	14.3731	10.3211	18.3058	344	3
130	eta	1	6.41215	9.21148	8.24583	11.937	289	5
130	eta	2	5.38293	7.54905	6.82114	9.71097	237	7
130	eta	3	3.96557	5.10414	5.06625	6.6611	187	8
130	eta	4	2.89788	4.08878	3.72214	5.29864	141	8
130	eta	5	1.95746	3.19941	2.53283	4.12515	100	9
130	eta	6	1.13424	1.68447	1.48007	2.20008	61	8
130	eta	7	0.409189	0.585887	0.546223	0.771958	23	5
130	ome	0	4.80688	5.54347	13.075	14.8459	344	3
130	ome	1	3.61784	2.32784	10.4105	9.77976	289	5
130	ome	2	2.99322	29.8858	8.49725	36.0634	237	7
130	ome	3	1.71269	1.26477	6.00329	5.86022	187	8
130	ome	4	1.14836	1.29293	4.32925	4.72229	141	8
130	ome	5	0.699903	0.831391	2.88214	3.15706	100	9
130	ome	6	0.354619	0.289291	1.6287	1.63204	61	8
130	ome	7	0.111464	0.0749647	0.583446	0.571913	23	5
