Au+Au 7.7 GeV
------------------------
pT[GeV/c] d^2N/(2pi*pt*dpt*dy)[(GeV/c)^-2]   error(stat.)
ala  0-5%
0.500781 0.0315546 0.0114352
0.699023 0.0311759 0.00513685
0.897852 0.0243802 0.00302592
1.09697 0.0171934 0.00189999
1.29634 0.0115024 0.00126106
1.49585 0.00739059 0.000714661
1.69551 0.00327571 0.000388154
1.89521 0.00193809 0.00024049
2.21832 0.000539007 6.74347e-05
2.71613 7.7698e-05 2.12564e-05
------------------------
ala  5-10%
0.500586 0.0204934 0.0104601
0.698828 0.0300164 0.00519994
0.897559 0.0221336 0.00287958
1.09668 0.0164893 0.00174709
1.29604 0.00975215 0.00109568
1.49556 0.00630333 0.000643941
1.69517 0.00292682 0.000350034
1.89487 0.00128347 0.000197899
2.21637 0.000373371 5.37176e-05
2.71414 4.46592e-05 1.59022e-05
------------------------
ala  10-20%
0.500391 0.0225561 0.00634145
0.698633 0.027647 0.00281529
0.897363 0.0202506 0.00169102
1.09644 0.0116778 0.00098684
1.2958 0.00874838 0.000611735
1.49526 0.00434043 0.000344919
1.69487 0.00229639 0.000201812
1.89458 0.000953133 0.000106056
2.21448 0.000248424 2.77761e-05
------------------------
ala  20-30%
0.5 0.0318363 0.00731265
0.698047 0.0232901 0.00275234
0.896728 0.016177 0.00142841
1.0958 0.00892653 0.0007742
1.29507 0.0058925 0.000481809
1.49453 0.00283439 0.000261713
1.69409 0.00116673 0.000146601
1.89375 0.000407512 6.96682e-05
2.20963 0.000121246 2.314e-05
------------------------
ala  30-40%
0.499805 0.0266474 0.00672836
0.697754 0.0160665 0.00219165
0.896387 0.00970047 0.00101607
1.09541 0.00629581 0.0006329
1.29463 0.00352823 0.00032784
1.49409 0.00177023 0.000192264
1.69365 0.000718051 9.71469e-05
1.89331 0.000273 5.49887e-05
2.20697 3.06932e-05 1.39267e-05
------------------------
ala  40-60%
0.499609 0.0134204 0.00377228
0.697559 0.00901178 0.00112255
0.896143 0.00502431 0.000552495
1.09512 0.00311015 0.000292754
1.29434 0.001477 0.000149967
1.4938 0.000810121 8.68831e-05
1.69331 0.000294981 4.16266e-05
1.89297 0.000104414 2.33585e-05
2.20502 2.13442e-05 4.98035e-06
------------------------
ala  60-80%
0.499121 0.0050367 0.00176232
0.696924 0.00214539 0.000594553
0.89541 0.0014339 0.000296546
1.09429 0.000504389 0.000125121
1.29346 0.000306515 7.81153e-05
1.49282 0.000110406 3.43623e-05
1.69233 4.16561e-05 1.64757e-05
------------------------
========================
Au+Au 7.7 GeV
------------------------
pT[GeV/c] d^2N/(2pi*pt*dpt*dy)[(GeV/c)^-2]   error(stat.)
la  0-5%
0.500293 4.44178 0.814994
0.698438 3.09767 0.226092
0.897168 2.28813 0.130031
1.09624 1.43538 0.0710251
1.29556 0.805875 0.0396522
1.49502 0.446494 0.0190756
1.69463 0.215418 0.00896485
1.89434 0.10712 0.00433041
2.21295 0.0295638 0.000831701
2.71063 0.0040029 0.000151988
3.20917 0.000418592 3.52248e-05
3.70813 5.54037e-05 1.06162e-05
------------------------
la  5-10%
0.500293 3.43068 0.737453
0.698438 2.73327 0.245377
0.897119 1.78793 0.12131
1.09619 1.13866 0.0652783
1.29551 0.661656 0.0342558
1.49497 0.333711 0.0158042
1.69458 0.176431 0.00849596
1.89424 0.0846844 0.00407189
2.21265 0.0234202 0.000746596
2.71033 0.00296031 0.000134759
3.20886 0.000365415 3.08645e-05
3.70786 4.54491e-05 8.88477e-06
------------------------
la  10-20%
0.500195 2.6489 0.458157
0.69834 1.99651 0.147849
0.89707 1.34975 0.0754318
1.09609 0.790967 0.0351018
1.29541 0.43632 0.0182214
1.49487 0.235486 0.00909033
1.69448 0.129124 0.00496659
1.89414 0.056274 0.00208106
2.21201 0.0156059 0.000401317
2.70969 0.00217723 7.55484e-05
3.20819 0.000242975 1.79235e-05
3.70718 2.42705e-05 4.56273e-06
------------------------
la  20-30%
0.500195 1.84286 0.402469
0.698242 1.32319 0.111046
0.896924 0.898556 0.0595132
1.096 0.517306 0.029121
1.29526 0.281626 0.0157082
1.49473 0.138308 0.0068815
1.69434 0.0713939 0.00342664
1.89399 0.032451 0.00153232
2.21109 0.00928269 0.000309377
2.70874 0.00121605 5.57502e-05
3.20724 0.000122105 1.22603e-05
------------------------
la  30-40%
0.500098 1.08798 0.314136
0.698145 0.808137 0.0864389
0.896777 0.515863 0.0421887
1.0958 0.301318 0.02088
1.29512 0.168077 0.0106526
1.49458 0.0765807 0.00429658
1.69414 0.0394495 0.00228993
1.89385 0.0173309 0.0010514
2.21002 0.00483959 0.000195212
2.70764 0.000589929 3.54042e-05
3.20615 5.91883e-05 8.26156e-06
------------------------
la  40-60%
0.499805 0.650655 0.148693
0.697852 0.340292 0.0341818
0.896484 0.225391 0.0188854
1.09551 0.124932 0.00852849
1.29473 0.0569911 0.00345254
1.49419 0.0285058 0.0015964
1.69375 0.0130654 0.000728033
1.89341 0.00568809 0.000334327
2.20752 0.00149953 6.69794e-05
2.70511 0.000161972 1.22624e-05
3.20355 1.49824e-05 3.01194e-06
------------------------
la  60-80%
0.499414 0.163889 0.0473158
0.697314 0.092518 0.0110862
0.89585 0.0480668 0.00452521
1.09478 0.0246308 0.00201382
1.29399 0.0109032 0.000864762
1.49341 0.00512941 0.000376747
1.69292 0.00201245 0.000158341
1.89258 0.000911928 7.88072e-05
2.2027 0.000181072 1.63215e-05
2.70016 7.54999e-06 2.53361e-06
------------------------
========================
Au+Au 11.5 GeV
------------------------
pT[GeV/c] d^2N/(2pi*pt*dpt*dy)[(GeV/c)^-2]   error(stat.)
ala  0-5%
0.500586 0.158075 0.0361654
0.698731 0.138023 0.0135876
0.897559 0.10383 0.00811339
1.09668 0.0686305 0.0047169
1.296 0.0428564 0.00260209
1.49551 0.0267607 0.00158922
1.69517 0.0133021 0.000780158
1.89482 0.00645118 0.000410624
2.21619 0.00191872 0.000102327
2.71399 0.000257133 2.62352e-05
3.21255 4.0183e-05 8.02008e-06
------------------------
ala  5-10%
0.500586 0.134248 0.0374315
0.698828 0.0931679 0.0111333
0.897656 0.0781721 0.00736591
1.09678 0.056123 0.00461578
1.29609 0.0324123 0.00246656
1.49561 0.0201035 0.00144568
1.69526 0.00999789 0.000660424
1.89497 0.00485358 0.000354624
2.2168 0.00159796 8.92556e-05
2.7146 0.000196341 2.22453e-05
3.2132 1.3639e-05 6.16413e-06
------------------------
ala  10-20%
0.500391 0.122169 0.0247367
0.698633 0.0938031 0.00935222
0.897363 0.0644933 0.00508024
1.09648 0.0426039 0.00275816
1.2958 0.0280233 0.00168174
1.49531 0.0149656 0.000842568
1.69492 0.00695261 0.000425412
1.89463 0.00381537 0.00022728
2.21472 0.0010777 5.1318e-05
2.71246 0.00011948 1.15645e-05
3.21106 2.03617e-05 3.65767e-06
------------------------
ala  20-30%
0.500293 0.100884 0.0266385
0.698438 0.0678476 0.00807102
0.897168 0.0503891 0.00443511
1.09624 0.0308632 0.00234179
1.29556 0.0176702 0.0012696
1.49502 0.00926811 0.000639
1.69463 0.00523176 0.000365295
1.89434 0.00204779 0.000146083
2.21307 0.000667183 3.90784e-05
2.71075 7.56778e-05 9.07651e-06
3.20929 5.4161e-06 2.59034e-06
------------------------
ala  30-40%
0.500098 0.0772801 0.0269173
0.698145 0.0529259 0.00729696
0.896875 0.0370962 0.00409865
1.0959 0.0196181 0.00196817
1.29517 0.0113467 0.00100229
1.49463 0.00662188 0.000507379
1.69424 0.00255404 0.000214958
1.8939 0.00114718 0.000102717
2.21045 0.000361048 2.601e-05
2.7081 1.94956e-05 4.62006e-06
3.2066 4.02132e-06 1.87148e-06
------------------------
ala  40-60%
0.499902 0.0548858 0.0140194
0.697949 0.0311303 0.00412984
0.896582 0.0173631 0.00195372
1.09561 0.0101877 0.000960739
1.29487 0.0054238 0.000505809
1.49434 0.00251451 0.000208549
1.6939 0.00105628 9.7391e-05
1.89355 0.000593642 5.32756e-05
2.20847 0.000141772 1.13125e-05
2.70605 1.86131e-05 2.98723e-06
3.20453 1.66428e-06 6.14648e-07
------------------------
ala  60-80%
0.499121 0.0158316 0.00538876
0.696924 0.0100056 0.00171913
0.89541 0.00511423 0.000722117
1.09429 0.00239458 0.000277871
1.29346 0.00109942 0.000137913
1.49282 0.000573009 7.39517e-05
1.69233 0.000151499 2.47616e-05
1.89194 5.57438e-05 1.24789e-05
2.1991 1.35332e-05 3.16843e-06
------------------------
========================
Au+Au 11.5 GeV
------------------------
pT[GeV/c] d^2N/(2pi*pt*dpt*dy)[(GeV/c)^-2]   error(stat.)
la  0-5%
0.500391 3.56027 0.673661
0.698633 2.9022 0.250758
0.897363 2.13292 0.13862
1.09648 1.26979 0.0716033
1.2958 0.792568 0.0411302
1.49531 0.423136 0.0197042
1.69492 0.236267 0.010723
1.89463 0.107694 0.00473058
2.21472 0.0340994 0.00102553
2.71246 0.00498954 0.000190844
3.21103 0.000628757 4.49727e-05
3.71002 8.08502e-05 1.05847e-05
------------------------
la  5-10%
0.500391 3.27053 0.724681
0.698633 2.18891 0.233649
0.897363 1.69172 0.136796
1.09648 1.07283 0.0753956
1.2958 0.610606 0.0395709
1.49531 0.332002 0.0196077
1.69492 0.172938 0.00947099
1.89463 0.0896625 0.00513643
2.21478 0.0272672 0.00105946
2.71252 0.00402135 0.000178992
3.21106 0.000544346 3.61312e-05
3.71008 8.61341e-05 1.10894e-05
------------------------
la  10-20%
0.500391 2.23357 0.422021
0.698535 1.85433 0.175364
0.897266 1.23106 0.0857955
1.09639 0.762883 0.0424246
1.2957 0.442001 0.0228671
1.49521 0.23365 0.0115073
1.69482 0.129298 0.00615549
1.89448 0.0619064 0.00285967
2.21405 0.018603 0.000567616
2.71173 0.00272718 0.000101554
3.2103 0.000362533 2.32042e-05
3.70929 5.22589e-05 5.5206e-06
------------------------
la  20-30%
0.500391 1.27489 0.368642
0.698438 1.26468 0.135899
0.897217 0.809963 0.0667433
1.09629 0.443187 0.0302616
1.29561 0.255392 0.0162579
1.49512 0.148125 0.00950677
1.69473 0.0732311 0.00431088
1.89438 0.0376324 0.00214052
2.21344 0.0107806 0.000408094
2.71115 0.00166711 8.5657e-05
3.20969 0.000244277 1.54228e-05
3.70868 2.50059e-05 4.04408e-06
------------------------
la  30-40%
0.500195 1.13535 0.350749
0.698291 0.767704 0.0980247
0.896973 0.481389 0.0521066
1.09609 0.275244 0.0242517
1.29536 0.164782 0.0127541
1.49482 0.0802504 0.00655092
1.69443 0.038848 0.00259327
1.89409 0.0206235 0.00155511
2.21167 0.00551831 0.000265936
2.70935 0.000815066 4.65268e-05
3.20789 0.000108028 9.88212e-06
3.70685 1.23479e-05 2.71859e-06
------------------------
la  40-60%
0.500098 0.497821 0.128168
0.698145 0.305457 0.0438107
0.896777 0.204104 0.0224757
1.09585 0.110966 0.00996676
1.29512 0.0609774 0.00582576
1.49458 0.0309561 0.00249822
1.69414 0.0142828 0.00100673
1.89385 0.00683226 0.000517024
2.21008 0.00187052 9.22986e-05
2.7077 0.000274496 1.73914e-05
3.20618 2.75295e-05 3.18266e-06
3.70517 1.21396e-06 5.60634e-07
------------------------
la  60-80%
0.499609 0.163196 0.0561814
0.69751 0.0970236 0.0152632
0.896094 0.0478607 0.00619507
1.09502 0.027107 0.00311381
1.29424 0.0124848 0.00124331
1.49365 0.0064686 0.000607902
1.69321 0.0028165 0.000305241
1.89287 0.00119514 0.000118018
2.20441 0.000234751 1.76405e-05
2.7019 3.29246e-05 4.22285e-06
3.20032 3.56209e-06 9.43719e-07
------------------------
========================
Au+Au 19.6 GeV
------------------------
pT[GeV/c] d^2N/(2pi*pt*dpt*dy)[(GeV/c)^-2]   error(stat.)
ala  0-5%
0.500879 0.352091 0.0253712
0.699219 0.324232 0.0103731
0.898047 0.262362 0.00725888
1.09717 0.180992 0.00492218
1.29658 0.116957 0.00338915
1.49614 0.068909 0.00224346
1.6958 0.0410981 0.00146512
1.89551 0.0202829 0.000703742
2.13931 0.0089 0.000260707
2.43872 0.00284807 9.36465e-05
2.7792 0.000843431 2.79579e-05
3.17852 0.000181696 9.74084e-06
3.57798 4.06088e-05 3.56071e-06
3.97759 5.79278e-06 1.17362e-06
------------------------
ala  5-10%
0.500977 0.288489 0.0239772
0.699219 0.262546 0.0100482
0.898047 0.209045 0.00654446
1.09727 0.153837 0.00476067
1.29668 0.0999926 0.0033592
1.49619 0.0597114 0.00229089
1.6958 0.0330197 0.00137927
1.89551 0.0170316 0.000696711
2.13938 0.00712851 0.000239668
2.43887 0.00256765 9.18783e-05
2.77944 0.000736484 2.8727e-05
3.17871 0.000174968 9.93695e-06
3.57822 2.92436e-05 3.72682e-06
3.97783 7.2883e-06 1.44855e-06
4.4502 1.06739e-06 3.54857e-07
5.04946 1.41467e-07 8.53858e-08
------------------------
ala  10-20%
0.500781 0.311116 0.0205391
0.699023 0.2138 0.00610722
0.897852 0.171036 0.0041626
1.09707 0.111379 0.00260218
1.29639 0.0717407 0.00182907
1.49595 0.0441881 0.00133002
1.69561 0.0236871 0.000779301
1.89531 0.0122077 0.000392247
2.13887 0.00492609 0.000127773
2.43828 0.00174284 4.92713e-05
2.77842 0.000506679 1.59258e-05
3.17773 0.000107764 5.60047e-06
3.5772 2.57638e-05 2.18692e-06
3.97676 5.15784e-06 8.48166e-07
4.448 9.16228e-07 2.37131e-07 
------------------------
ala  20-30%
0.500586 0.233948 0.0163429
0.698828 0.172203 0.00546623
0.897656 0.123542 0.00340872
1.09678 0.0834447 0.00235713
1.29619 0.0486736 0.00149214
1.4957 0.0282805 0.000977107
1.69531 0.0140349 0.000519684
1.89502 0.00711791 0.000262303
2.13821 0.00312661 9.67517e-05
2.43762 0.00104601 3.54636e-05
2.77725 0.000274789 1.02962e-05
3.17651 5.97155e-05 3.82075e-06
3.57598 8.44938e-06 1.07316e-06
3.97559 2.45581e-06 5.22845e-07
4.4454 8.7163e-08 4.18223e-08
5.04463 7.81246e-08 4.60406e-08
------------------------
ala  30-40%
0.500391 0.195924 0.0180047
0.698535 0.124992 0.00488371
0.897314 0.0864634 0.00300729
1.09639 0.0543682 0.00191055
1.29575 0.0301725 0.00112602
1.49521 0.0164389 0.000696398
1.69482 0.00849292 0.000403075
1.89453 0.00424971 0.000203075
2.13711 0.00164773 6.93836e-05
2.43652 0.000547681 2.49884e-05
2.77529 0.000154592 7.21386e-06
3.17451 2.8874e-05 2.4462e-06
3.57397 7.06475e-06 9.80174e-07
3.97354 5.233e-07 1.66746e-07
4.44115 3.44889e-07 1.62632e-07
------------------------
ala  40-60%
0.500195 0.104785 0.00873526
0.698242 0.0703643 0.00278599
0.896973 0.0465429 0.00167747
1.096 0.0254965 0.000931835
1.29531 0.0129507 0.000500868
1.49478 0.00710075 0.000331719
1.69434 0.00362682 0.000181416
1.89404 0.00165636 8.16121e-05
2.13594 0.000713105 3.11467e-05
2.43535 0.000212575 9.99302e-06
2.77324 5.39568e-05 2.93723e-06
3.17246 1.23108e-05 1.25695e-06
3.57187 2.1891e-06 4.45351e-07
3.97144 3.02714e-07 1.11275e-07
4.43676 1.03386e-07 6.28671e-08
------------------------
ala  60-80%
0.499707 0.0393092 0.00440845
0.697607 0.02178 0.00113921
0.896191 0.011814 0.000547727
1.09517 0.00605751 0.000300784
1.29443 0.00300604 0.000160621
1.49385 0.00135934 8.58377e-05
1.69338 0.000626106 4.40302e-05
1.89302 0.000252037 1.67771e-05
2.1337 9.79839e-05 6.57244e-06
2.43304 2.45943e-05 3.6042e-06
2.76924 6.66428e-06 9.51525e-07
3.16838 1.16855e-06 3.54122e-07
3.56777 2.48925e-07 1.47691e-07
3.96733 3.95099e-08 3.7423e-08
------------------------
========================
Au+Au 19.6 GeV
------------------------
pT[GeV/c] d^2N/(2pi*pt*dpt*dy)[(GeV/c)^-2]   error(stat.)
la  0-5%
0.500879 3.17472 0.218221
0.699219 2.41791 0.0765387
0.898047 1.8313 0.0511311
1.09717 1.22997 0.0339719
1.29658 0.733243 0.0219667
1.49614 0.420863 0.0142436
1.6958 0.245319 0.00852673
1.89551 0.123412 0.00417749
2.13931 0.0532979 0.00142936
2.43872 0.0190803 0.000528006
2.7792 0.00557835 0.000153969
3.17852 0.0013706 4.39045e-05
3.57798 0.000263898 1.68439e-05
3.97759 7.06742e-05 7.29804e-06
4.44972 1.09495e-05 1.70829e-06
5.04899 7.49307e-07 2.64456e-07
------------------------
la  5-10%
0.500977 2.66844 0.200718
0.699219 1.8899 0.0650628
0.898047 1.43862 0.0426842
1.09727 0.976423 0.0302551
1.29668 0.602105 0.0205622
1.49619 0.334443 0.0127646
1.6958 0.184217 0.00726365
1.89551 0.0996715 0.00382899
2.13938 0.0430449 0.00135921
2.43887 0.0142774 0.000442347
2.77944 0.00441075 0.000144269
3.17871 0.00105924 4.24379e-05
3.57822 0.000230754 1.49803e-05
3.97783 5.16491e-05 6.98495e-06
4.4502 6.18696e-06 1.20097e-06
5.04946 2.63797e-07 1.88801e-07
------------------------
la  10-20%
0.500781 2.08449 0.118806
0.699023 1.54529 0.0419656
0.897852 1.07334 0.0247733
1.09707 0.709586 0.0168172
1.29639 0.439245 0.0117148
1.49595 0.244188 0.00739793
1.69561 0.141117 0.00442619
1.89531 0.06708 0.00194836
2.13887 0.0296236 0.00071705
2.43828 0.0105904 0.000278316
2.77842 0.00326383 8.4134e-05
3.17773 0.000738757 2.8117e-05
3.5772 0.000180412 9.77662e-06
3.97676 3.5475e-05 2.81807e-06
4.448 5.56687e-06 7.59889e-07
5.04723 4.75774e-07 1.73995e-07
------------------------
la  20-30%
0.500586 1.39098 0.0925184
0.698828 1.00021 0.0311608
0.897656 0.727203 0.0202241
1.09678 0.447843 0.0124231
1.29619 0.259652 0.00784418
1.4957 0.148082 0.00517411
1.69531 0.0777182 0.00274015
1.89502 0.0413938 0.00151259
2.13821 0.0178894 0.000666478
2.43762 0.00620074 0.000191406
2.77725 0.00200975 5.83446e-05
3.17651 0.000416751 2.05587e-05
3.57598 0.000100315 7.59623e-06
3.97559 2.03808e-05 2.60627e-06
4.4454 3.45711e-06 5.26971e-07
5.04463 3.45596e-07 1.19602e-07
------------------------
la  30-40%
0.500391 1.03547 0.0897517
0.698535 0.675982 0.0266673
0.897314 0.45051 0.0155171
1.09639 0.2582 0.00878334
1.29575 0.146283 0.00545407
1.49521 0.0871979 0.00400525
1.69482 0.0477972 0.00230366
1.89453 0.0253196 0.00121035
2.13711 0.0101672 0.000383969
2.43652 0.00344868 0.000130895
2.77529 0.00101405 3.89304e-05
3.17451 0.000255928 1.12667e-05
3.57397 4.4152e-05 3.53785e-06
3.97354 7.38485e-06 2.56747e-06
4.44115 2.53658e-06 4.57663e-07
5.04038 3.85586e-07 1.44475e-07
5.63983 7.03175e-09 8.0944e-09
------------------------
la  40-60%
0.500195 0.454058 0.037294
0.698242 0.338128 0.0139985
0.896973 0.206714 0.00752163
1.096 0.115213 0.00414513
1.29531 0.0600795 0.00239186
1.49478 0.0351892 0.00175023
1.69434 0.0177435 0.00086921
1.89404 0.00838813 0.000404616
2.13594 0.00360514 0.00014068
2.43535 0.00126497 5.17416e-05
2.77324 0.000303193 1.83606e-05
3.17246 7.13877e-05 3.96667e-06
3.57187 1.67434e-05 1.38229e-06
3.97144 2.78487e-06 4.87756e-07
4.43676 6.03701e-07 1.53046e-07
------------------------
la  60-80%
0.499707 0.120665 0.0134321
0.697607 0.0840575 0.00478788
0.896191 0.0444291 0.00211517
1.09517 0.0222396 0.00106172
1.29443 0.0113186 0.000609475
1.49385 0.0056864 0.000352234
1.69338 0.00294832 0.000215129
1.89302 0.0013406 8.87541e-05
2.1337 0.000475521 2.6544e-05
2.43304 0.000145627 9.35005e-06
2.76924 4.49021e-05 3.4153e-06
3.16838 7.5111e-06 1.02503e-06
3.56777 1.59536e-06 3.79589e-07
3.96733 2.02332e-07 1.0803e-07
4.42833 4.15856e-08 2.76512e-08
------------------------
========================
Au+Au 27 GeV
------------------------
pT[GeV/c] d^2N/(2pi*pt*dpt*dy)[(GeV/c)^-2]   error(stat.)
ala  0-5%
0.501367 0.526328 0.045403
0.699609 0.453961 0.0167873
0.898633 0.378142 0.0116189
1.09785 0.273936 0.00840798
1.29727 0.179125 0.00574448
1.49688 0.104069 0.00373707
1.69648 0.0662375 0.00253234
1.89629 0.0348564 0.0012972
2.14106 0.0152962 0.000467768
2.44055 0.00542479 0.000177694
2.78242 0.00160141 4.85868e-05
3.18174 0.000354452 1.40811e-05
3.58125 7.75345e-05 4.51448e-06
3.98086 1.50008e-05 2.01102e-06
4.45679 2.39557e-06 4.35611e-07
5.05613 1.49857e-07 3.6064e-08
------------------------
ala  5-10%
0.501367 0.435981 0.0379118
0.699707 0.42962 0.0172933
0.898633 0.299397 0.00977621
1.09785 0.222264 0.00726652
1.29736 0.150165 0.00530107
1.49688 0.0936537 0.00373636
1.69658 0.050963 0.00209172
1.89629 0.027729 0.00117329
2.14121 0.0120763 0.000388665
2.44062 0.00484242 0.000168139
2.78267 0.00126713 4.37464e-05
3.18203 0.000307315 1.34301e-05
3.58154 7.8414e-05 4.96232e-06
3.98115 1.58431e-05 1.82776e-06
4.45737 3.51367e-06 5.84213e-07
5.05664 4.73877e-08 2.6075e-08
------------------------
ala  10-20%
0.501172 0.425108 0.0276408
0.699414 0.324924 0.00956696
0.898438 0.252322 0.00626493
1.09756 0.169585 0.00413357
1.29697 0.112709 0.0030884
1.49658 0.0675788 0.00207744
1.69619 0.0368572 0.00117505
1.89595 0.0191864 0.000589852
2.14033 0.0090028 0.000232531
2.43982 0.00322834 8.85308e-05
2.78115 0.000963616 2.48175e-05
3.18047 0.000214478 8.35299e-06
3.57998 4.82226e-05 2.77796e-06
3.97959 1.15649e-05 1.09505e-06
4.454 1.32919e-06 2.31987e-07
5.05327 7.48781e-08 3.23109e-08 
------------------------
ala  20-30%
0.500781 0.370712 0.0274576
0.699023 0.257858 0.008554
0.897852 0.185283 0.00529031
1.09707 0.124911 0.00360649
1.29639 0.0745283 0.00230881
1.49595 0.0416537 0.00141976
1.69561 0.0255266 0.000994602
1.89531 0.0122393 0.000455019
2.13879 0.00548481 0.000171565
2.43828 0.00192326 6.32415e-05
2.77842 0.000612344 1.90121e-05
3.17769 0.000134616 2.28971e-05
3.57715 3.09287e-05 1.86501e-06
3.97676 6.86786e-06 7.53364e-07
4.44792 6.79589e-07 1.55543e-07
------------------------
ala  30-40%
0.500684 0.235143 0.0191948
0.698926 0.18144 0.00702694
0.897656 0.129706 0.00438133
1.09687 0.0809993 0.00284128
1.29619 0.0481036 0.00186387
1.4957 0.0264776 0.00111198
1.69536 0.0141751 0.000639654
1.89507 0.00775776 0.000356102
2.13828 0.00333251 0.000126452
2.4377 0.00112278 4.28544e-05
2.77744 0.000340697 1.25385e-05
3.17671 7.75952e-05 3.97568e-06
3.57617 1.68035e-05 1.74614e-06
3.97573 1.35848e-05 1.25598e-05
4.4458 8.03914e-07 1.78474e-07
------------------------
ala  40-60%
0.500391 0.174435 0.0153445
0.698438 0.102662 0.00407226
0.897168 0.0688805 0.00246407
1.09629 0.0381101 0.0013499
1.29561 0.0235664 0.000982582
1.49512 0.0119526 0.000555235
1.69468 0.00580113 0.000273242
1.89438 0.00310599 0.000154422
2.13674 0.00123779 4.88993e-05
2.43616 0.000422234 1.77143e-05
2.77466 0.000124443 5.35715e-06
3.17388 2.31117e-05 1.86029e-06
3.57334 5.87165e-06 6.54998e-07
3.9729 8.91355e-07 1.92233e-07
4.4398 9.74668e-08 4.16903e-08
------------------------
ala  60-80%
0.499707 0.0544608 0.00604702
0.697656 0.0359439 0.00200167
0.89624 0.0189363 0.000917935
1.09521 0.00992002 0.000492408
1.29443 0.00494394 0.000274115
1.4939 0.0024915 0.000149731
1.69341 0.00120686 8.01777e-05
1.89307 0.000480749 3.25115e-05
2.13381 0.000209653 1.20591e-05
2.43315 5.73304e-05 4.03472e-06
2.76939 2.01244e-05 1.49304e-06
3.16856 3.61728e-06 4.06743e-07
3.56797 5.4024e-07 1.24842e-07
3.9675 9.71815e-08 3.96182e-08
------------------------
========================
Au+Au 27 GeV
------------------------
pT[GeV/c] d^2N/(2pi*pt*dpt*dy)[(GeV/c)^-2]   error(stat.)
la  0-5%
0.500977 3.17016 0.237932
0.699317 2.17027 0.0721988
0.898242 1.65546 0.0467775
1.09746 1.11655 0.0316973
1.29683 0.707833 0.0220995
1.49639 0.425 0.0152401
1.696 0.232716 0.00814959
1.89575 0.127544 0.00451615
2.13989 0.0555166 0.00156844
2.43931 0.0207487 0.000608258
2.78027 0.00661682 0.000198041
3.17959 0.00146705 5.06696e-05
3.5791 0.000319928 1.75903e-05
3.97871 7.7566e-05 5.39823e-06
4.45206 1.28816e-05 1.49667e-06
5.05133 2.03167e-06 4.67349e-07
5.65078 1.26658e-07 8.38152e-08
------------------------
la  5-10%
0.500977 2.43613 0.186819
0.699219 1.77267 0.0607409
0.898144 1.37818 0.0407185
1.09736 0.892874 0.0264473
1.29673 0.556701 0.017892
1.49629 0.334147 0.01255
1.6959 0.205884 0.0085523
1.89561 0.0933249 0.00344829
2.1396 0.0480542 0.00156597
2.43909 0.0158626 0.000524214
2.77983 0.00503101 0.000154786
3.1791 0.00120221 4.38029e-05
3.57861 0.000252886 2.18152e-05
3.97822 5.82691e-05 4.54391e-06
4.45104 1.06675e-05 1.50202e-06
5.05034 1.21198e-06 2.93051e-07
5.64976 7.4082e-08 4.41681e-08
------------------------
la  10-20%
0.500781 1.79599 0.102119
0.699121 1.38687 0.0373897
0.897949 1.03526 0.0246952
1.09717 0.674106 0.0157604
1.29658 0.411959 0.0104735
1.49609 0.234828 0.00670267
1.6957 0.137858 0.00432092
1.89541 0.0724917 0.00223675
2.13916 0.0325158 0.000808396
2.43857 0.0120914 0.00031957
2.779 0.00380658 8.92034e-05
3.17827 0.00084377 2.52481e-05
3.57773 0.000199336 1.00163e-05
3.97734 5.09844e-05 3.74417e-06
4.44917 5.28085e-06 1.32424e-06
5.04844 9.35918e-07 1.8446e-07
5.64792 3.06493e-08 2.63455e-08
------------------------
la  20-30%
0.500781 1.32318 0.0872305
0.699121 0.932384 0.0283866
0.897949 0.672286 0.0180082
1.09712 0.457294 0.0129929
1.29648 0.274191 0.00837374
1.49604 0.155612 0.00545826
1.6957 0.0799481 0.00284513
1.89541 0.0458456 0.00166059
2.13905 0.0201284 0.000599263
2.4385 0.00703885 0.000206874
2.77881 0.00224489 6.64884e-05
3.17808 0.000532783 1.848e-05
3.57754 0.000137762 6.14521e-06
3.97715 3.36712e-05 2.30326e-06
4.4488 4.88589e-06 5.18983e-07
5.04807 3.40711e-07 1.25532e-07
5.64752 8.18704e-09 5.84579e-09
------------------------
la  30-40%
0.500586 0.889797 0.0720826
0.698731 0.65453 0.024687
0.897461 0.424682 0.0136802
1.09658 0.267788 0.0088706
1.29595 0.152731 0.00554356
1.49546 0.0861104 0.00346067
1.69507 0.0541864 0.00264421
1.89478 0.0248665 0.00107736
2.13762 0.0121169 0.000460781
2.43704 0.00388476 0.000154189
2.77627 0.00130254 4.68403e-05
3.17554 0.00032769 1.32947e-05
3.575 6.9232e-05 7.81319e-06
3.97456 1.54632e-05 2.30362e-06
4.44331 2.11141e-06 5.30509e-07
5.04254 3.1307e-07 1.06302e-07
5.64199 1.8583e-08 1.33475e-08
------------------------
la  40-60%
0.500293 0.43175 0.0345462
0.698438 0.303844 0.0116201
0.897168 0.209807 0.00732178
1.09629 0.116679 0.00402773
1.29561 0.0659905 0.00255151
1.49507 0.0349909 0.00150658
1.69468 0.0174747 0.00083767
1.89434 0.0101001 0.000470064
2.13671 0.00399121 0.000148049
2.43608 0.00157189 6.04155e-05
2.77456 0.00045435 1.74454e-05
3.17378 0.000102941 5.34288e-06
3.57324 3.10942e-05 1.89068e-06
3.9728 5.8622e-06 7.75069e-07
4.43961 1.16709e-06 1.64867e-07
5.03884 6.73947e-08 3.02744e-08
------------------------
la  60-80%
0.499805 0.131495 0.0142202
0.697754 0.0839673 0.00437698
0.896387 0.0461344 0.00208983
1.09541 0.0256598 0.00122872
1.29463 0.0118833 0.000595352
1.49409 0.0068339 0.000417967
1.69365 0.00301659 0.000192597
1.89331 0.00155334 9.77234e-05
2.13429 0.000628202 3.35034e-05
2.43363 0.000247681 1.37009e-05
2.77026 6.62216e-05 3.79164e-06
3.16943 1.32586e-05 1.23122e-06
3.56885 1.9724e-06 3.71844e-07
3.96838 1.98595e-07 5.5074e-08
------------------------
========================
Au+Au 39 GeV
------------------------
pT[GeV/c] d^2N/(2pi*pt*dpt*dy)[(GeV/c)^-2]   error(stat.)
ala  0-5%
0.500977 0.727054 0.117759
0.699219 0.680029 0.0441824
0.898047 0.50959 0.0256601
1.09727 0.386377 0.0159734
1.29668 0.257158 0.00952057
1.49619 0.158894 0.0054365
1.69585 0.0949131 0.0031164
1.89556 0.0491465 0.00160479
2.22052 0.0172251 0.000409963
2.71838 0.00348781 0.000105204
3.21704 0.000667294 3.26414e-05
3.71613 9.98168e-05 1.1365e-05
4.36945 1.23056e-05 2.44892e-06
------------------------
ala  5-10%
0.500781 0.791319 0.142146
0.699023 0.624271 0.042407
0.897949 0.498469 0.0260614
1.09707 0.325296 0.0148866
1.29648 0.209355 0.00826511
1.496 0.135854 0.00526006
1.69561 0.0687962 0.00247537
1.89536 0.0376602 0.0013711
2.21924 0.0136891 0.000380876
2.7171 0.00253353 9.12923e-05
3.2157 0.00047103 2.79114e-05
3.71472 0.000106833 1.03337e-05
4.3649 7.27817e-06 2.06618e-06
------------------------
ala  10-20%
0.500781 0.598576 0.072588
0.699023 0.480972 0.024704
0.897852 0.356051 0.014749
1.09707 0.252076 0.00900103
1.29644 0.160752 0.00508152
1.496 0.100646 0.00309261
1.69561 0.055892 0.00160807
1.89531 0.0282215 0.00082228
2.21906 0.010014 0.000212293
2.71692 0.00191345 5.3131e-05
3.21552 0.00038751 1.67093e-05
3.71454 7.43739e-05 6.21828e-06
4.36429 6.77788e-06 1.18472e-06
------------------------
ala  20-30%
0.500684 0.480636 0.0644703
0.698926 0.373546 0.023221
0.897754 0.265176 0.0129108
1.09687 0.176165 0.00703384
1.29619 0.111629 0.00422861
1.4957 0.0622414 0.00211884
1.69536 0.0379538 0.00134268
1.89507 0.0181568 0.000626056
2.21747 0.00612615 0.000158056
2.71527 0.00121476 3.89045e-05
3.21387 0.000235549 1.1967e-05
3.71292 4.12797e-05 4.35039e-06
4.35895 5.41395e-06 1.05603e-06
------------------------
ala  30-40%
0.500586 0.346657 0.0609378
0.698828 0.242699 0.0183762
0.897656 0.179284 0.0102864
1.09678 0.117334 0.00580666
1.29609 0.066914 0.00302707
1.49561 0.0393437 0.00165169
1.69526 0.0225679 0.0009493
1.89497 0.0113606 0.000465233
2.2168 0.00372197 0.000109618
2.7146 0.000751475 2.77472e-05
3.2132 0.000151324 9.14451e-06
3.71222 2.70505e-05 3.49748e-06
4.35669 2.36536e-06 6.93238e-07
------------------------
ala  40-60%
00.500391 0.23481 0.0343893
0.698633 0.138157 0.0100227
0.897363 0.0943769 0.00579242
1.09644 0.0532897 0.00279135
1.2958 0.031864 0.00151363
1.49526 0.0161459 0.000719057
1.69487 0.00891857 0.000400953
1.89458 0.00458372 0.000197538
2.21448 0.00146466 4.89654e-05
2.71222 0.000254805 1.0901e-05
3.21075 4.52493e-05 3.52554e-06
3.70975 9.13249e-06 1.39239e-06
------------------------
ala  60-80%
0.500195 0.0668379 0.0142275
0.698242 0.0428243 0.00414703
0.896875 0.0251498 0.00214813
1.09595 0.0149649 0.00106958
1.29526 0.00656111 0.000470858
1.49473 0.00341408 0.000219006
1.69429 0.00196816 0.000137531
1.89399 0.000817546 5.81389e-05
2.21094 0.000272496 1.47331e-05
2.70862 4.88727e-05 4.28227e-06
3.20709 5.78152e-06 1.32201e-06
------------------------
========================
Au+Au 39 GeV
------------------------
pT[GeV/c] d^2N/(2pi*pt*dpt*dy)[(GeV/c)^-2]   error(stat.)
la  0-5%
0.500879 2.54823 0.326998
0.699219 1.88896 0.107804
0.898047 1.42865 0.0644415
1.09717 1.05863 0.0399395
1.29658 0.669013 0.0226919
1.49609 0.41837 0.0132425
1.69575 0.250799 0.00771391
1.89546 0.127011 0.00375794
2.21997 0.0454878 0.000908067
2.71783 0.00875462 0.000228041
3.21649 0.00159707 6.48292e-05
3.71552 0.000359567 2.21992e-05
4.36749 4.09047e-05 4.60608e-06
------------------------
la  5-10%
0.500781 2.30134 0.314407
0.699121 1.68598 0.109184
0.897949 1.28329 0.0630728
1.09717 0.847015 0.0360377
1.29648 0.543768 0.0205625
1.49604 0.342179 0.0122368
1.6957 0.191005 0.00640167
1.89541 0.0995463 0.00323802
2.21954 0.037447 0.000862105
2.71741 0.00723086 0.000191377
3.216 0.00150393 5.49892e-05
3.71509 0.000266407 1.75715e-05
4.36597 3.5977e-05 4.07938e-06
------------------------
la  10-20%
0.500781 1.60426 0.187947
0.699121 1.21314 0.0628374
0.897949 0.974743 0.0375951
1.09707 0.63423 0.0211414
1.29648 0.404235 0.0125333
1.496 0.230811 0.00653912
1.69565 0.133571 0.00368839
1.89536 0.0734367 0.00195565
2.21936 0.0270214 0.000517704
2.71722 0.00537695 0.000114386
3.21582 0.00112327 3.24317e-05
3.7149 0.00021974 1.14011e-05
4.36542 2.52248e-05 2.39987e-06
------------------------
la  20-30%
0.500781 1.11149 0.149811
0.699023 0.929755 0.0545384
0.897852 0.645025 0.0294123
1.09697 0.420017 0.0153723
1.29639 0.261556 0.00914513
1.4959 0.150747 0.00476739
1.69551 0.0851324 0.00265712
1.89521 0.046297 0.00139612
2.21857 0.0168772 0.00034388
2.71643 0.00344829 8.10531e-05
3.21503 0.000707152 2.38362e-05
3.71408 0.000150565 8.44632e-06
4.36273 2.06623e-05 2.01953e-06
------------------------
la  30-40%
0.500781 0.661723 0.108231
0.699023 0.606964 0.0437237
0.897754 0.42961 0.0242318
1.09697 0.243978 0.0117896
1.29629 0.149275 0.00635441
1.4958 0.0973891 0.00409637
1.69546 0.0481638 0.00188391
1.89517 0.0286561 0.00111476
2.21814 0.00983039 0.000264075
2.71594 0.0020933 6.10436e-05
3.21454 0.000423809 1.77688e-05
3.71359 7.90975e-05 6.08633e-06
4.36115 1.2189e-05 1.52768e-06
------------------------
la  40-60%
0.500586 0.429139 0.0720313
0.698828 0.276333 0.0197264
0.897559 0.184241 0.0101629
1.09668 0.108502 0.0054275
1.29604 0.0669734 0.00303046
1.49556 0.0362471 0.00149762
1.69517 0.0189703 0.000740911
1.89487 0.00973043 0.00038935
2.21631 0.00372688 0.000100967
2.71411 0.000715137 2.22483e-05
3.21271 0.000137795 6.56016e-06
3.71173 3.05587e-05 2.5984e-06
4.35501 3.52634e-06 5.81323e-07
------------------------
la  60-80%
0.500293 0.133691 0.0319056
0.698438 0.0821627 0.00819295
0.897119 0.0460043 0.00376934
1.09619 0.0279452 0.00205972
1.29551 0.0135622 0.000912341
1.49497 0.00704686 0.000446675
1.69458 0.00416902 0.000263229
1.89429 0.00204801 0.000129331
2.21265 0.000600925 2.72308e-05
2.71039 0.000130324 8.17469e-06
3.20889 2.04289e-05 2.2893e-06
3.70789 2.28962e-06 9.06431e-07
