Au+Au 7.7 GeV
------------------------
pTlow [GeV/c] pThigh [GeV/c] d^2N/(2pi*pt*dpt*dy)[(GeV/c)^-2] error(stat.) error(sys.)
ala  0-5%
0.4	0.6	0.04920	0.00599	0.005470
0.6	0.8	0.03347	0.00323	0.004130
0.8	1	0.02604	0.00206	0.002510
1	1.2	0.01807	0.00134	0.001930
1.2	1.4	0.01191	0.00092	0.000906
1.4	1.6	0.00771	0.00059	0.000502
1.6	1.8	0.00344	0.00033	0.000239
1.8	2.1	0.00176	0.00016	0.000109
2.1	2.5	0.00042	0.00006	0.000030
2.5	3	0.00008	0.00002	0.000006
------------------------
ala  5-10%
0.4	0.6	0.03940	0.00544	0.004910
0.6	0.8	0.02837	0.00280	0.003120
0.8	1	0.02125	0.00175	0.001780
1	1.2	0.01509	0.00114	0.001180
1.2	1.4	0.00947	0.00078	0.000685
1.4	1.6	0.00582	0.00048	0.000365
1.6	1.8	0.00275	0.00028	0.000176
1.8	2.1	0.00127	0.00013	0.000077
2.1	2.5	0.00034	0.00005	0.000023
2.5	3	0.00006	0.00002	0.000004
------------------------
ala  10-20%
0.4	0.6	0.03176	0.00298	0.003040
0.6	0.8	0.02454	0.00159	0.001970
0.8	1	0.01888	0.00102	0.001190
1	1.2	0.01242	0.00067	0.000809
1.2	1.4	0.00799	0.00044	0.000477
1.4	1.6	0.00379	0.00026	0.000221
1.6	1.8	0.00222	0.00016	0.000117
1.8	2.1	0.00082	0.00007	0.000043
2.1	2.5	0.00018	0.00002	0.000012
2.5	3	0.00003	0.00001	0.000002
------------------------
ala  20-30%
0.4	0.6	0.02767	0.00268	0.002380
0.6	0.8	0.01838	0.00129	0.001490
0.8	1	0.01562	0.00082	0.000892
1	1.2	0.00874	0.00051	0.000557
1.2	1.4	0.00505	0.00033	0.000271
1.4	1.6	0.00271	0.00020	0.000134
1.6	1.8	0.00126	0.00012	0.000061
1.8	2.1	0.00039	0.00005	0.000020
2.1	2.5	0.00008	0.00002	0.000006
2.5	3	0.00002	0.00001	0.000001
------------------------
ala  30-40%
0.4	0.6	0.02005	0.00229	0.001970
0.6	0.8	0.01459	0.00104	0.000990
0.8	1	0.00895	0.00059	0.000540
1	1.2	0.00570	0.00037	0.000420
1.2	1.4	0.00311	0.00024	0.000158
1.4	1.6	0.00155	0.00014	0.000075
1.6	1.8	0.00078	0.00008	0.000039
1.8	2.1	0.00029	0.00004	0.000016
2.1	2.5	0.00005	0.00001	0.000003
2.5	3	0.00001	0.00000	0.000000
------------------------
ala  40-60%
0.4	0.6	0.01218	0.00119	0.001160
0.6	0.8	0.00780	0.00053	0.000457
0.8	1	0.00472	0.00030	0.000234
1	1.2	0.00284	0.00018	0.000189
1.2	1.4	0.00140	0.00010	0.000052
1.4	1.6	0.00066	0.00006	0.000024
1.6	1.8	0.00028	0.00003	0.000011
1.8	2.1	0.00008	0.00002	0.000004
2.1	2.5	0.00001	0.00001	0.000001
2.5	3	0.00000	0.00000	0.000000
------------------------
ala  60-80%
0.4	0.6	0.00314	0.00061	0.000381
0.6	0.8	0.00197	0.00027	0.000144
0.8	1	0.00104	0.00014	0.000077
1	1.2	0.00046	0.00007	0.000036
1.2	1.4	0.00024	0.00004	0.000028
1.4	1.6	0.00012	0.00003	0.000014
1.6	1.8	0.00005	0.00001	0.000005
1.8	2.1	0.00001	0.00001	0.000001
2.1	2.5	0.00000	0.00000	0.000000
------------------------
========================
Au+Au 7.7 GeV
------------------------
pTlow [GeV/c] pThigh [GeV/c] d^2N/(2pi*pt*dpt*dy)[(GeV/c)^-2] error(stat.) error(sys.)
la  0-5%
0.4	0.6	4.02800	0.12100	0.234000
0.6	0.8	3.19500	0.06200	0.225000
0.8	1	2.20180	0.03680	0.095300
1	1.2	1.36730	0.02180	0.072000
1.2	1.4	0.77830	0.01260	0.037200
1.4	1.6	0.42030	0.00710	0.018100
1.6	1.8	0.21017	0.00378	0.009350
1.8	2	0.09980	0.00205	0.004490
2	2.3	0.03988	0.00080	0.002100
2.3	2.6	0.01255	0.00034	0.000669
2.6	3	0.00305	0.00013	0.000156
3	3.4	0.00063	0.00005	0.000034
3.4	3.9	0.00010	0.00002	0.000006
------------------------
la  5-10%
0.4	0.6	3.27100	0.10600	0.192000
0.6	0.8	2.49100	0.05100	0.177000
0.8	1	1.69290	0.03030	0.073500
1	1.2	1.04710	0.01820	0.055100
1.2	1.4	0.61740	0.01110	0.029700
1.4	1.6	0.31480	0.00580	0.013800
1.6	1.8	0.16261	0.00320	0.007230
1.8	2	0.07685	0.00173	0.003450
2	2.3	0.03092	0.00067	0.001630
2.3	2.6	0.00877	0.00027	0.000468
2.6	3	0.00243	0.00011	0.000124
3	3.4	0.00043	0.00004	0.000024
3.4	3.9	0.00008	0.00001	0.000005
------------------------
la  10-20%
0.4	0.6	2.61900	0.06400	0.164000
0.6	0.8	1.88010	0.02940	0.085300
0.8	1	1.23630	0.01670	0.042600
1	1.2	0.76650	0.01010	0.038100
1.2	1.4	0.42890	0.00580	0.017100
1.4	1.6	0.22242	0.00316	0.007810
1.6	1.8	0.11334	0.00175	0.003810
1.8	2	0.05477	0.00093	0.001890
2	2.3	0.02113	0.00035	0.001070
2.3	2.6	0.00644	0.00015	0.000297
2.6	3	0.00163	0.00005	0.000075
3	3.4	0.00030	0.00002	0.000015
3.4	3.9	0.00005	0.00001	0.000003
------------------------
la  20-30%
0.4	0.6	1.79500	0.05100	0.110000
0.6	0.8	1.26310	0.02360	0.057100
0.8	1	0.80060	0.01310	0.026900
1	1.2	0.48640	0.00790	0.023600
1.2	1.4	0.26520	0.00440	0.010600
1.4	1.6	0.13504	0.00238	0.004660
1.6	1.8	0.06553	0.00124	0.002190
1.8	2	0.03166	0.00068	0.001010
2	2.3	0.01224	0.00025	0.000599
2.3	2.6	0.00360	0.00010	0.000159
2.6	3	0.00087	0.00004	0.000038
3	3.4	0.00015	0.00001	0.000007
3.4	3.9	0.00002	0.00000	0.000001
------------------------
la  30-40%
0.4	0.6	1.14050	0.03880	0.092500
0.6	0.8	0.76470	0.01750	0.039700
0.8	1	0.46740	0.00920	0.019600
1	1.2	0.28800	0.00580	0.015900
1.2	1.4	0.14659	0.00297	0.004430
1.4	1.6	0.07388	0.00162	0.001960
1.6	1.8	0.03678	0.00087	0.001270
1.8	2	0.01618	0.00043	0.000690
2	2.3	0.00645	0.00017	0.000247
2.3	2.6	0.00176	0.00007	0.000081
2.6	3	0.00043	0.00002	0.000019
3	3.4	0.00007	0.00001	0.000003
3.4	3.9	0.00001	0.00000	0.000001
------------------------
la  40-60%
0.4	0.6	0.55390	0.01990	0.044800
0.6	0.8	0.34180	0.00810	0.017600
0.8	1	0.21523	0.00460	0.008940
1	1.2	0.11460	0.00244	0.006230
1.2	1.4	0.05658	0.00122	0.001660
1.4	1.6	0.02612	0.00059	0.000695
1.6	1.8	0.01262	0.00033	0.000413
1.8	2	0.00552	0.00016	0.000234
2	2.3	0.00195	0.00006	0.000074
2.3	2.6	0.00053	0.00002	0.000024
2.6	3	0.00012	0.00001	0.000005
3	3.4	0.00002	0.00000	0.000001
3.4	3.9	0.00000	0.00000	0.000000
------------------------
la  60-80%
0.4	0.6	0.14600	0.00650	0.016600
0.6	0.8	0.07644	0.00226	0.005330
0.8	1	0.04052	0.00108	0.002760
1	1.2	0.02000	0.00055	0.001380
1.2	1.4	0.00857	0.00025	0.000873
1.4	1.6	0.00375	0.00013	0.000405
1.6	1.8	0.00146	0.00006	0.000131
1.8	2	0.00069	0.00004	0.000081
2	2.3	0.00021	0.00001	0.000024
2.3	2.6	0.00005	0.00001	0.000005
2.6	3	0.00001	0.00000	0.000001
3	3.4	0.00000	0.00000	0.000000
------------------------
========================
Au+Au 11.5 GeV
------------------------
pTlow [GeV/c] pThigh [GeV/c] d^2N/(2pi*pt*dpt*dy)[(GeV/c)^-2] error(stat.) error(sys.)
ala  0-5%
0.4	0.6	0.15900	0.00890	0.012300
0.6	0.8	0.11840	0.00430	0.010300
0.8	1	0.09415	0.00308	0.006030
1	1.2	0.06451	0.00206	0.004210
1.2	1.4	0.03994	0.00145	0.002410
1.4	1.6	0.02480	0.00090	0.001330
1.6	1.8	0.01271	0.00056	0.000680
1.8	2	0.00592	0.00033	0.000318
2	2.3	0.00261	0.00014	0.000156
2.3	2.6	0.00081	0.00007	0.000049
2.6	3	0.00023	0.00003	0.000014
3	3.4	0.00004	0.00001	0.000002
3.4	3.9	0.00001	0.00000	0.000001
------------------------
ala  5-10%
0.4	0.6	0.12080	0.00800	0.010600
0.6	0.8	0.10262	0.00391	0.008850
0.8	1	0.07609	0.00252	0.004830
1	1.2	0.05085	0.00179	0.003330
1.2	1.4	0.03370	0.00127	0.002030
1.4	1.6	0.01838	0.00072	0.000985
1.6	1.8	0.00976	0.00042	0.000513
1.8	2	0.00456	0.00027	0.000241
2	2.3	0.00211	0.00011	0.000120
2.3	2.6	0.00063	0.00005	0.000036
2.6	3	0.00018	0.00002	0.000010
3	3.4	0.00003	0.00001	0.000002
3.4	3.9	0.00001	0.00000	0.000000
------------------------
ala  10-20%
0.4	0.6	0.11759	0.00456	0.009200
0.6	0.8	0.08319	0.00221	0.005520
0.8	1	0.06101	0.00148	0.003400
1	1.2	0.04093	0.00095	0.002540
1.2	1.4	0.02564	0.00063	0.001530
1.4	1.6	0.01444	0.00039	0.000687
1.6	1.8	0.00722	0.00022	0.000329
1.8	2	0.00373	0.00014	0.000156
2	2.3	0.00157	0.00006	0.000086
2.3	2.6	0.00052	0.00003	0.000026
2.6	3	0.00013	0.00001	0.000007
3	3.4	0.00003	0.00000	0.000001
3.4	3.9	0.00001	0.00000	0.000000
------------------------
ala  20-30%
0.4	0.6	0.09508	0.00386	0.006870
0.6	0.8	0.06602	0.00181	0.003820
0.8	1	0.04689	0.00112	0.002220
1	1.2	0.02942	0.00073	0.001660
1.2	1.4	0.01656	0.00048	0.000890
1.4	1.6	0.00895	0.00025	0.000434
1.6	1.8	0.00500	0.00017	0.000227
1.8	2	0.00218	0.00010	0.000095
2	2.3	0.00095	0.00004	0.000054
2.3	2.6	0.00030	0.00002	0.000016
2.6	3	0.00007	0.00001	0.000004
3	3.4	0.00001	0.00000	0.000001
3.4	3.9	0.00000	0.00000	0.000000
------------------------
ala  30-40%
0.4	0.6	0.07222	0.00319	0.006470
0.6	0.8	0.05107	0.00151	0.002980
0.8	1	0.03226	0.00089	0.001630
1	1.2	0.01913	0.00055	0.001170
1.2	1.4	0.01090	0.00032	0.000448
1.4	1.6	0.00588	0.00020	0.000221
1.6	1.8	0.00252	0.00011	0.000107
1.8	2	0.00121	0.00006	0.000059
2	2.3	0.00058	0.00003	0.000025
2.3	2.6	0.00017	0.00001	0.000008
2.6	3	0.00003	0.00000	0.000001
3	3.4	0.00001	0.00000	0.000001
3.4	3.9	0.00000	0.00000	0.000000
------------------------
ala  40-60%
0.4	0.6	0.04848	0.00197	0.004060
0.6	0.8	0.02733	0.00080	0.001530
0.8	1	0.01647	0.00043	0.000753
1	1.2	0.00914	0.00024	0.000526
1.2	1.4	0.00485	0.00014	0.000173
1.4	1.6	0.00222	0.00008	0.000070
1.6	1.8	0.00102	0.00004	0.000038
1.8	2	0.00049	0.00003	0.000021
2	2.3	0.00020	0.00001	0.000008
2.3	2.6	0.00005	0.00000	0.000002
2.6	3	0.00001	0.00000	0.000001
3	3.4	0.00000	0.00000	0.000000
3.4	3.9	0.00000	0.00000	0.000000
------------------------
ala  60-80%
0.4	0.6	0.01406	0.00078	0.001610
0.6	0.8	0.00806	0.00033	0.000566
0.8	1	0.00453	0.00018	0.000315
1	1.2	0.00214	0.00009	0.000153
1.2	1.4	0.00098	0.00005	0.000101
1.4	1.6	0.00044	0.00003	0.000049
1.6	1.8	0.00019	0.00002	0.000017
1.8	2	0.00006	0.00001	0.000007
2	2.3	0.00002	0.00000	0.000002
2.3	2.6	0.00001	0.00000	0.000001
2.6	3	0.00000	0.00000	0.000000
------------------------
========================
Au+Au 11.5 GeV
------------------------
pTlow [GeV/c] pThigh [GeV/c] d^2N/(2pi*pt*dpt*dy)[(GeV/c)^-2] error(stat.) error(sys.)
la  0-5%
0.4	0.6	3.70400	0.09200	0.219000
0.6	0.8	2.79400	0.04400	0.196000
0.8	1	2.00190	0.02720	0.086300
1	1.2	1.29280	0.01710	0.068100
1.2	1.4	0.77020	0.01030	0.037200
1.4	1.6	0.42110	0.00580	0.018700
1.6	1.8	0.22630	0.00330	0.010200
1.8	2	0.10978	0.00172	0.004930
2	2.3	0.04818	0.00069	0.002580
2.3	2.6	0.01549	0.00028	0.000805
2.6	3	0.00401	0.00009	0.000213
3	3.4	0.00093	0.00004	0.000050
3.4	3.9	0.00016	0.00001	0.000009
3.9	4.4	0.00003	0.00001	0.000002
------------------------
la  5-10%
0.4	0.6	3.16000	0.08300	0.182000
0.6	0.8	2.39000	0.04100	0.168000
0.8	1	1.61490	0.02370	0.070000
1	1.2	1.01580	0.01450	0.053400
1.2	1.4	0.60300	0.00880	0.029300
1.4	1.6	0.32870	0.00490	0.014600
1.6	1.8	0.17843	0.00289	0.008030
1.8	2	0.09249	0.00160	0.004120
2	2.3	0.03512	0.00055	0.001870
2.3	2.6	0.01215	0.00023	0.000628
2.6	3	0.00322	0.00008	0.000170
3	3.4	0.00069	0.00003	0.000037
3.4	3.9	0.00012	0.00001	0.000007
3.9	4.4	0.00002	0.00000	0.000001
------------------------
la  10-20%
0.4	0.6	2.37800	0.04800	0.149000
0.6	0.8	1.71480	0.02260	0.078300
0.8	1	1.18050	0.01350	0.040400
1	1.2	0.74370	0.00830	0.036800
1.2	1.4	0.42090	0.00470	0.017200
1.4	1.6	0.23639	0.00278	0.008710
1.6	1.8	0.12087	0.00151	0.004120
1.8	2	0.06244	0.00085	0.001920
2	2.3	0.02568	0.00031	0.001270
2.3	2.6	0.00843	0.00013	0.000354
2.6	3	0.00226	0.00004	0.000103
3	3.4	0.00051	0.00002	0.000024
3.4	3.9	0.00010	0.00001	0.000005
3.9	4.4	0.00001	0.00000	0.000001
-----------------------
la  20-30%
0.4	0.6	1.58870	0.03810	0.098900
0.6	0.8	1.18840	0.01890	0.052900
0.8	1	0.75300	0.01040	0.025400
1	1.2	0.46730	0.00620	0.022700
1.2	1.4	0.26530	0.00370	0.010600
1.4	1.6	0.14275	0.00206	0.005120
1.6	1.8	0.07208	0.00111	0.002420
1.8	2	0.03638	0.00059	0.001160
2	2.3	0.01476	0.00022	0.000717
2.3	2.6	0.00466	0.00009	0.000192
2.6	3	0.00134	0.00003	0.000060
3	3.4	0.00031	0.00001	0.000014
3.4	3.9	0.00006	0.00000	0.000003
3.9	4.4	0.00001	0.00000	0.000001
------------------------
la  30-40%
0.4	0.6	1.11930	0.03280	0.090900
0.6	0.8	0.74320	0.01430	0.037700
0.8	1	0.46670	0.00780	0.019600
1	1.2	0.28130	0.00470	0.015400
1.2	1.4	0.15193	0.00254	0.004740
1.4	1.6	0.08111	0.00142	0.002290
1.6	1.8	0.04138	0.00078	0.001370
1.8	2	0.01972	0.00039	0.000817
2	2.3	0.00795	0.00015	0.000297
2.3	2.6	0.00243	0.00006	0.000104
2.6	3	0.00068	0.00002	0.000030
3	3.4	0.00013	0.00001	0.000006
3.4	3.9	0.00002	0.00000	0.000001
3.9	4.4	0.00000	0.00000	0.000000
------------------------
la  40-60%
0.4	0.6	0.53000	0.01550	0.043000
0.6	0.8	0.32640	0.00640	0.016500
0.8	1	0.20484	0.00354	0.008460
1	1.2	0.11288	0.00190	0.006170
1.2	1.4	0.06049	0.00106	0.001860
1.4	1.6	0.02936	0.00053	0.000830
1.6	1.8	0.01464	0.00028	0.000488
1.8	2	0.00652	0.00014	0.000269
2	2.3	0.00263	0.00005	0.000098
2.3	2.6	0.00083	0.00002	0.000035
2.6	3	0.00021	0.00001	0.000009
3	3.4	0.00004	0.00000	0.000002
3.4	3.9	0.00000	0.00000	0.000000
3.9	4.4	0.00000	0.00000	0.000000
------------------------
la  60-80%
0.4	0.6	0.13440	0.00500	0.015300
0.6	0.8	0.07456	0.00181	0.005100
0.8	1	0.04155	0.00093	0.002830
1	1.2	0.02073	0.00046	0.001440
1.2	1.4	0.01046	0.00025	0.001070
1.4	1.6	0.00468	0.00012	0.000509
1.6	1.8	0.00211	0.00006	0.000187
1.8	2	0.00089	0.00003	0.000104
2	2.3	0.00032	0.00001	0.000036
2.3	2.6	0.00009	0.00001	0.000009
2.6	3	0.00002	0.00000	0.000002
3	3.4	0.00000	0.00000	0.000000
3.4	3.9	0.00000	0.00000	0.000000
------------------------
========================
Au+Au 19.6 GeV
------------------------
pTlow [GeV/c] pThigh [GeV/c] d^2N/(2pi*pt*dpt*dy)[(GeV/c)^-2] error(stat.) error(sys.)
ala  0-5%
0.4	0.6	0.42580	0.00950	0.030100
0.6	0.8	0.33690	0.00470	0.016000
0.8	1	0.25620	0.00310	0.011300
1	1.2	0.17861	0.00214	0.008850
1.2	1.4	0.11813	0.00160	0.005100
1.4	1.6	0.06870	0.00094	0.003240
1.6	1.8	0.03731	0.00059	0.002010
1.8	2	0.01994	0.00033	0.000909
2	2.3	0.00893	0.00014	0.000468
2.3	2.6	0.00302	0.00007	0.000143
2.6	3	0.00091	0.00003	0.000043
3	3.4	0.00018	0.00001	0.000009
3.4	4	0.00003	0.00000	0.000002
4	4.8	0.00000	0.00000	0.000000
------------------------
ala  5-10%
0.4	0.6	0.37260	0.00860	0.026400
0.6	0.8	0.28930	0.00420	0.014700
0.8	1	0.21940	0.00270	0.010200
1	1.2	0.15262	0.00192	0.007810
1.2	1.4	0.09749	0.00129	0.004250
1.4	1.6	0.05525	0.00083	0.002620
1.6	1.8	0.03000	0.00046	0.001690
1.8	2	0.01597	0.00028	0.000798
2	2.3	0.00689	0.00012	0.000375
2.3	2.6	0.00250	0.00006	0.000116
2.6	3	0.00073	0.00002	0.000035
3	3.4	0.00017	0.00001	0.000008
3.4	4	0.00003	0.00000	0.000001
4	4.8	0.00000	0.00000	0.000000
------------------------
ala  10-20%
0.4	0.6	0.31580	0.00530	0.016100
0.6	0.8	0.23150	0.00250	0.011500
0.8	1	0.16954	0.00157	0.006890
1	1.2	0.11625	0.00107	0.004770
1.2	1.4	0.07144	0.00069	0.003310
1.4	1.6	0.04069	0.00044	0.001690
1.6	1.8	0.02230	0.00027	0.000962
1.8	2	0.01185	0.00016	0.000485
2	2.3	0.00507	0.00006	0.000242
2.3	2.6	0.00180	0.00003	0.000073
2.6	3	0.00052	0.00001	0.000022
3	3.4	0.00012	0.00001	0.000005
3.4	4	0.00002	0.00000	0.000001
4	4.8	0.00000	0.00000	0.000000
------------------------
ala  20-30%
0.4	0.6	0.23500	0.00420	0.010600
0.6	0.8	0.17640	0.00208	0.007730
0.8	1	0.12123	0.00123	0.004030
1	1.2	0.07990	0.00079	0.002850
1.2	1.4	0.04688	0.00051	0.002010
1.4	1.6	0.02661	0.00030	0.000960
1.6	1.8	0.01389	0.00017	0.000571
1.8	2	0.00740	0.00011	0.000288
2	2.3	0.00319	0.00005	0.000148
2.3	2.6	0.00106	0.00002	0.000044
2.6	3	0.00032	0.00001	0.000013
3	3.4	0.00007	0.00000	0.000003
3.4	4	0.00001	0.00000	0.000001
4	4.8	0.00000	0.00000	0.000000
------------------------
ala  30-40%
0.4	0.6	0.17266	0.00364	0.008410
0.6	0.8	0.12503	0.00173	0.003990
0.8	1	0.08473	0.00101	0.003170
1	1.2	0.05276	0.00062	0.002240
1.2	1.4	0.03049	0.00038	0.001410
1.4	1.6	0.01658	0.00022	0.000599
1.6	1.8	0.00840	0.00013	0.000489
1.8	2	0.00427	0.00007	0.000151
2	2.3	0.00178	0.00003	0.000091
2.3	2.6	0.00058	0.00001	0.000026
2.6	3	0.00017	0.00001	0.000008
3	3.4	0.00004	0.00000	0.000002
3.4	4	0.00001	0.00000	0.000000
4	4.8	0.00000	0.00000	0.000000
------------------------
ala  40-60%
0.4	0.6	0.10430	0.00210	0.005170
0.6	0.8	0.06834	0.00092	0.002360
0.8	1	0.04277	0.00051	0.001630
1	1.2	0.02510	0.00030	0.001110
1.2	1.4	0.01356	0.00017	0.000633
1.4	1.6	0.00682	0.00009	0.000252
1.6	1.8	0.00348	0.00005	0.000202
1.8	2	0.00167	0.00003	0.000055
2	2.3	0.00066	0.00001	0.000034
2.3	2.6	0.00022	0.00001	0.000010
2.6	3	0.00006	0.00000	0.000003
3	3.4	0.00001	0.00000	0.000001
3.4	4	0.00000	0.00000	0.000000
4	4.8	0.00000	0.00000	0.000000
------------------------
ala  60-80%
0.4	0.6	0.03690	0.00096	0.002290
0.6	0.8	0.02168	0.00040	0.001310
0.8	1	0.01190	0.00020	0.000862
1	1.2	0.00577	0.00010	0.000388
1.2	1.4	0.00291	0.00006	0.000240
1.4	1.6	0.00139	0.00003	0.000165
1.6	1.8	0.00061	0.00002	0.000058
1.8	2	0.00027	0.00001	0.000021
2	2.3	0.00010	0.00000	0.000012
2.3	2.6	0.00003	0.00000	0.000003
2.6	3	0.00001	0.00000	0.000001
3	3.4	0.00000	0.00000	0.000000
3.4	4	0.00000	0.00000	0.000000
------------------------
========================
Au+Au 19.6 GeV
------------------------
pTlow [GeV/c] pThigh [GeV/c] d^2N/(2pi*pt*dpt*dy)[(GeV/c)^-2] error(stat.) error(sys.)
la  0-5%
0.4	0.6	3.06900	0.04500	0.149000
0.6	0.8	2.37530	0.02200	0.092200
0.8	1	1.73990	0.01380	0.055700
1	1.2	1.18020	0.00900	0.036800
1.2	1.4	0.72360	0.00560	0.018800
1.4	1.6	0.42180	0.00350	0.012500
1.6	1.8	0.22894	0.00197	0.006360
1.8	2	0.12050	0.00114	0.003160
2	2.3	0.05368	0.00046	0.002060
2.3	2.6	0.01881	0.00020	0.000634
2.6	3	0.00564	0.00007	0.000207
3	3.4	0.00135	0.00003	0.000051
3.4	3.9	0.00026	0.00001	0.000012
3.9	4.4	0.00005	0.00000	0.000002
4.4	5	0.00001	0.00000	0.000001
------------------------
la  5-10%
0.4	0.6	2.57200	0.04100	0.112000
0.6	0.8	1.92680	0.01960	0.068000
0.8	1	1.38140	0.01200	0.037500
1	1.2	0.94570	0.00800	0.027700
1.2	1.4	0.56980	0.00490	0.018800
1.4	1.6	0.33187	0.00301	0.008280
1.6	1.8	0.18108	0.00175	0.007940
1.8	2	0.09461	0.00098	0.004050
2	2.3	0.04213	0.00039	0.001390
2.3	2.6	0.01478	0.00017	0.000614
2.6	3	0.00445	0.00006	0.000174
3	3.4	0.00110	0.00002	0.000048
3.4	3.9	0.00023	0.00001	0.000010
3.9	4.4	0.00004	0.00000	0.000002
4.4	5	0.00001	0.00000	0.000001
------------------------
la  10-20%
0.4	0.6	2.00680	0.02390	0.083000
0.6	0.8	1.48830	0.01140	0.058700
0.8	1	1.03950	0.00690	0.038400
1	1.2	0.68610	0.00440	0.021800
1.2	1.4	0.41874	0.00277	0.009900
1.4	1.6	0.23472	0.00162	0.007290
1.6	1.8	0.12870	0.00095	0.005050
1.8	2	0.06783	0.00054	0.001670
2	2.3	0.02989	0.00021	0.001170
2.3	2.6	0.01066	0.00009	0.000520
2.6	3	0.00327	0.00003	0.000114
3	3.4	0.00078	0.00001	0.000029
3.4	3.9	0.00017	0.00000	0.000007
3.9	4.4	0.00003	0.00000	0.000001
4.4	5	0.00000	0.00000	0.000000
------------------------
la  20-30%
0.4	0.6	1.39230	0.01880	0.062700
0.6	0.8	0.98970	0.00870	0.032700
0.8	1	0.68410	0.00530	0.021400
1	1.2	0.43450	0.00320	0.011000
1.2	1.4	0.25697	0.00198	0.006240
1.4	1.6	0.14419	0.00116	0.003670
1.6	1.8	0.07819	0.00067	0.001820
1.8	2	0.04105	0.00038	0.000972
2	2.3	0.01786	0.00015	0.000580
2.3	2.6	0.00632	0.00006	0.000229
2.6	3	0.00190	0.00002	0.000060
3	3.4	0.00045	0.00001	0.000015
3.4	3.9	0.00010	0.00000	0.000004
3.9	4.4	0.00002	0.00000	0.000001
4.4	5	0.00000	0.00000	0.000000
------------------------
la  30-40%
0.4	0.6	0.89840	0.01460	0.044500
0.6	0.8	0.64230	0.00690	0.025300
0.8	1	0.42770	0.00410	0.014600
1	1.2	0.25723	0.00237	0.008020
1.2	1.4	0.15224	0.00145	0.005070
1.4	1.6	0.08277	0.00083	0.002290
1.6	1.8	0.04470	0.00049	0.001150
1.8	2	0.02248	0.00026	0.000570
2	2.3	0.00967	0.00010	0.000513
2.3	2.6	0.00347	0.00004	0.000130
2.6	3	0.00100	0.00002	0.000037
3	3.4	0.00025	0.00001	0.000009
3.4	3.9	0.00005	0.00000	0.000002
3.9	4.4	0.00001	0.00000	0.000000
4.4	5	0.00000	0.00000	0.000000
------------------------
la  40-60%
0.4	0.6	0.45970	0.00760	0.032800
0.6	0.8	0.29750	0.00330	0.012000
0.8	1	0.18793	0.00185	0.007870
1	1.2	0.10913	0.00105	0.002920
1.2	1.4	0.06042	0.00060	0.002300
1.4	1.6	0.03196	0.00034	0.001090
1.6	1.8	0.01629	0.00018	0.000501
1.8	2	0.00821	0.00010	0.000237
2	2.3	0.00349	0.00004	0.000125
2.3	2.6	0.00124	0.00002	0.000072
2.6	3	0.00035	0.00001	0.000013
3	3.4	0.00008	0.00000	0.000004
3.4	3.9	0.00002	0.00000	0.000001
3.9	4.4	0.00000	0.00000	0.000000
4.4	5	0.00000	0.00000	0.000000
------------------------
la  60-80%
0.4	0.6	0.12457	0.00274	0.007360
0.6	0.8	0.07439	0.00110	0.003450
0.8	1	0.04263	0.00057	0.002800
1	1.2	0.02180	0.00029	0.001630
1.2	1.4	0.01128	0.00016	0.000625
1.4	1.6	0.00577	0.00009	0.000386
1.6	1.8	0.00270	0.00005	0.000208
1.8	2	0.00125	0.00003	0.000112
2	2.3	0.00051	0.00001	0.000047
2.3	2.6	0.00017	0.00000	0.000014
2.6	3	0.00004	0.00000	0.000004
3	3.4	0.00001	0.00000	0.000001
3.4	3.9	0.00000	0.00000	0.000000
3.9	4.4	0.00000	0.00000	0.000000
4.4	5	0.00000	0.00000	0.000000
------------------------
========================
Au+Au 27 GeV
------------------------
pTlow [GeV/c] pThigh [GeV/c] d^2N/(2pi*pt*dpt*dy)[(GeV/c)^-2] error(stat.) error(sys.)
ala  0-5%
0.4	0.6	0.58630	0.01130	0.034700
0.6	0.8	0.48290	0.00590	0.024400
0.8	1	0.37740	0.00380	0.017700
1	1.2	0.26990	0.00260	0.012900
1.2	1.4	0.17629	0.00180	0.005640
1.4	1.6	0.10606	0.00114	0.003930
1.6	1.8	0.06038	0.00068	0.002760
1.8	2	0.03307	0.00041	0.001910
2	2.3	0.01500	0.00017	0.000618
2.3	2.6	0.00556	0.00008	0.000285
2.6	3	0.00168	0.00003	0.000075
3	3.4	0.00042	0.00001	0.000019
3.4	3.9	0.00008	0.00000	0.000004
3.9	4.4	0.00002	0.00000	0.000001
4.4	5	0.00000	0.00000	0.000000
------------------------
ala  5-10%
0.4	0.6	0.54130	0.01060	0.033000
0.6	0.8	0.41490	0.00510	0.023000
0.8	1	0.31640	0.00330	0.015400
1	1.2	0.22340	0.00230	0.011700
1.2	1.4	0.14657	0.00154	0.006740
1.4	1.6	0.08632	0.00093	0.002990
1.6	1.8	0.04924	0.00058	0.002360
1.8	2	0.02647	0.00034	0.000847
2	2.3	0.01203	0.00014	0.000522
2.3	2.6	0.00443	0.00007	0.000250
2.6	3	0.00130	0.00003	0.000059
3	3.4	0.00033	0.00001	0.000015
3.4	3.9	0.00007	0.00000	0.000004
3.9	4.4	0.00001	0.00000	0.000001
4.4	5	0.00000	0.00000	0.000000
------------------------
ala  10-20%
0.4	0.6	0.43650	0.00620	0.022300
0.6	0.8	0.33220	0.00310	0.017100
0.8	1	0.25150	0.00190	0.011400
1	1.2	0.17222	0.00130	0.006200
1.2	1.4	0.10846	0.00085	0.004480
1.4	1.6	0.06365	0.00052	0.002460
1.6	1.8	0.03571	0.00030	0.001420
1.8	2	0.01933	0.00018	0.000634
2	2.3	0.00882	0.00008	0.000359
2.3	2.6	0.00315	0.00004	0.000142
2.6	3	0.00098	0.00001	0.000038
3	3.4	0.00024	0.00001	0.000010
3.4	3.9	0.00005	0.00000	0.000002
3.9	4.4	0.00001	0.00000	0.000000
4.4	5	0.00000	0.00000	0.000000
------------------------
ala  20-30%
0.4	0.6	0.34510	0.00530	0.017700
0.6	0.8	0.25169	0.00254	0.009130
0.8	1	0.18059	0.00157	0.005960
1	1.2	0.12044	0.00100	0.004840
1.2	1.4	0.07270	0.00062	0.002900
1.4	1.6	0.04232	0.00038	0.001260
1.6	1.8	0.02310	0.00023	0.000833
1.8	2	0.01248	0.00013	0.000375
2	2.3	0.00551	0.00005	0.000254
2.3	2.6	0.00199	0.00003	0.000107
2.6	3	0.00061	0.00001	0.000026
3	3.4	0.00016	0.00000	0.000006
3.4	3.9	0.00003	0.00000	0.000002
3.9	4.4	0.00001	0.00000	0.000000
4.4	5	0.00000	0.00000	0.000000
------------------------
ala  30-40%
0.4	0.6	0.24360	0.00440	0.013600
0.6	0.8	0.18103	0.00212	0.008100
0.8	1	0.12220	0.00124	0.004500
1	1.2	0.07865	0.00077	0.002940
1.2	1.4	0.04647	0.00047	0.001620
1.4	1.6	0.02676	0.00029	0.001060
1.6	1.8	0.01412	0.00016	0.000639
1.8	2	0.00738	0.00010	0.000309
2	2.3	0.00326	0.00004	0.000152
2.3	2.6	0.00114	0.00002	0.000049
2.6	3	0.00034	0.00001	0.000015
3	3.4	0.00009	0.00000	0.000004
3.4	3.9	0.00002	0.00000	0.000001
3.9	4.4	0.00000	0.00000	0.000000
4.4	5	0.00000	0.00000	0.000000
------------------------
ala  40-60%
0.4	0.6	0.14403	0.00254	0.008320
0.6	0.8	0.09724	0.00114	0.003020
0.8	1	0.06336	0.00065	0.002140
1	1.2	0.03780	0.00037	0.001320
1.2	1.4	0.02093	0.00022	0.000806
1.4	1.6	0.01131	0.00012	0.000499
1.6	1.8	0.00575	0.00007	0.000233
1.8	2	0.00290	0.00004	0.000115
2	2.3	0.00124	0.00002	0.000055
2.3	2.6	0.00043	0.00001	0.000022
2.6	3	0.00013	0.00000	0.000005
3	3.4	0.00003	0.00000	0.000001
3.4	3.9	0.00001	0.00000	0.000000
3.9	4.4	0.00000	0.00000	0.000000
4.4	5	0.00000	0.00000	0.000000
------------------------
ala  60-80%
0.4	0.6	0.05246	0.00115	0.002870
0.6	0.8	0.03039	0.00046	0.001500
0.8	1	0.01671	0.00023	0.000976
1	1.2	0.00878	0.00012	0.000527
1.2	1.4	0.00429	0.00006	0.000300
1.4	1.6	0.00202	0.00003	0.000176
1.6	1.8	0.00100	0.00002	0.000075
1.8	2	0.00048	0.00001	0.000046
2	2.3	0.00019	0.00000	0.000018
2.3	2.6	0.00006	0.00000	0.000007
2.6	3	0.00002	0.00000	0.000002
3	3.4	0.00000	0.00000	0.000000
3.4	3.9	0.00000	0.00000	0.000000
3.9	4.4	0.00000	0.00000	0.000000
------------------------
========================
Au+Au 27 GeV
------------------------
pTlow [GeV/c] pThigh [GeV/c] d^2N/(2pi*pt*dpt*dy)[(GeV/c)^-2] error(stat.) error(sys.)
la  0-5%
0.4	0.6	2.69800	0.03800	0.138000
0.6	0.8	2.15800	0.01900	0.119000
0.8	1	1.61120	0.01250	0.062700
1	1.2	1.11170	0.00820	0.037200
1.2	1.4	0.69580	0.00530	0.027500
1.4	1.6	0.40710	0.00320	0.013800
1.6	1.8	0.23219	0.00192	0.008220
1.8	2	0.12354	0.00110	0.003530
2	2.3	0.05647	0.00044	0.001970
2.3	2.6	0.02066	0.00019	0.000850
2.6	3	0.00617	0.00006	0.000229
3	3.4	0.00158	0.00003	0.000063
3.4	3.9	0.00032	0.00001	0.000014
3.9	4.4	0.00006	0.00000	0.000003
4.4	5	0.00001	0.00000	0.000000
5	6	0.00000	0.00000	0.000000
------------------------
la  5-10%
0.4	0.6	2.35100	0.03500	0.117000
0.6	0.8	1.82160	0.01740	0.080600
0.8	1	1.33020	0.01110	0.060100
1	1.2	0.89220	0.00710	0.030700
1.2	1.4	0.56520	0.00460	0.023400
1.4	1.6	0.32700	0.00280	0.013800
1.6	1.8	0.18454	0.00167	0.005720
1.8	2	0.09969	0.00096	0.003220
2	2.3	0.04471	0.00038	0.001570
2.3	2.6	0.01610	0.00016	0.000602
2.6	3	0.00516	0.00006	0.000188
3	3.4	0.00129	0.00002	0.000052
3.4	3.9	0.00028	0.00001	0.000012
3.9	4.4	0.00005	0.00000	0.000002
4.4	5	0.00001	0.00000	0.000001
5	6	0.00000	0.00000	0.000000
------------------------
la  10-20%
0.4	0.6	1.81120	0.02020	0.081200
0.6	0.8	1.38200	0.01000	0.055700
0.8	1	0.99400	0.00630	0.035200
1	1.2	0.65400	0.00400	0.020500
1.2	1.4	0.40790	0.00250	0.012700
1.4	1.6	0.23643	0.00155	0.006300
1.6	1.8	0.12890	0.00089	0.004480
1.8	2	0.07132	0.00053	0.001520
2	2.3	0.03188	0.00021	0.000871
2.3	2.6	0.01187	0.00009	0.000362
2.6	3	0.00366	0.00003	0.000114
3	3.4	0.00097	0.00001	0.000033
3.4	3.9	0.00021	0.00000	0.000008
3.9	4.4	0.00004	0.00000	0.000002
4.4	5	0.00001	0.00000	0.000000
5	6	0.00000	0.00000	0.000000
------------------------
la  20-30%
0.4	0.6	1.28960	0.01630	0.053400
0.6	0.8	0.93870	0.00770	0.036700
0.8	1	0.65680	0.00470	0.015100
1	1.2	0.42730	0.00300	0.012800
1.2	1.4	0.26010	0.00187	0.006130
1.4	1.6	0.14782	0.00111	0.003710
1.6	1.8	0.08037	0.00064	0.002990
1.8	2	0.04356	0.00037	0.001260
2	2.3	0.01978	0.00015	0.000623
2.3	2.6	0.00729	0.00006	0.000261
2.6	3	0.00228	0.00002	0.000075
3	3.4	0.00060	0.00001	0.000022
3.4	3.9	0.00014	0.00000	0.000006
3.9	4.4	0.00003	0.00000	0.000001
4.4	5	0.00001	0.00000	0.000000
5	6	0.00000	0.00000	0.000000
------------------------
la  30-40%
0.4	0.6	0.86400	0.01310	0.050000
0.6	0.8	0.62040	0.00620	0.026900
0.8	1	0.41770	0.00370	0.012500
1	1.2	0.25986	0.00221	0.009290
1.2	1.4	0.15497	0.00136	0.004390
1.4	1.6	0.08708	0.00081	0.003690
1.6	1.8	0.04710	0.00046	0.001300
1.8	2	0.02484	0.00026	0.000698
2	2.3	0.01113	0.00010	0.000250
2.3	2.6	0.00409	0.00004	0.000150
2.6	3	0.00129	0.00001	0.000044
3	3.4	0.00034	0.00001	0.000013
3.4	3.9	0.00008	0.00000	0.000003
3.9	4.4	0.00001	0.00000	0.000001
4.4	5	0.00000	0.00000	0.000000
5	6	0.00000	0.00000	0.000000
------------------------
la  40-60%
0.4	0.6	0.43850	0.00670	0.017600
0.6	0.8	0.29514	0.00302	0.009060
0.8	1	0.18933	0.00171	0.006110
1	1.2	0.11321	0.00100	0.004390
1.2	1.4	0.06393	0.00059	0.002270
1.4	1.6	0.03446	0.00033	0.001060
1.6	1.8	0.01814	0.00019	0.000694
1.8	2	0.00935	0.00010	0.000366
2	2.3	0.00407	0.00004	0.000168
2.3	2.6	0.00146	0.00002	0.000071
2.6	3	0.00046	0.00001	0.000019
3	3.4	0.00012	0.00000	0.000005
3.4	3.9	0.00003	0.00000	0.000001
3.9	4.4	0.00001	0.00000	0.000000
4.4	5	0.00000	0.00000	0.000000
5	6	0.00000	0.00000	0.000000
------------------------
la  60-80%
0.4	0.6	0.12243	0.00243	0.007770
0.6	0.8	0.07508	0.00101	0.003790
0.8	1	0.04384	0.00054	0.002320
1	1.2	0.02346	0.00028	0.001310
1.2	1.4	0.01258	0.00016	0.000799
1.4	1.6	0.00610	0.00008	0.000401
1.6	1.8	0.00301	0.00004	0.000200
1.8	2	0.00147	0.00002	0.000100
2	2.3	0.00062	0.00001	0.000047
2.3	2.6	0.00021	0.00000	0.000018
2.6	3	0.00006	0.00000	0.000005
3	3.4	0.00001	0.00000	0.000001
3.4	3.9	0.00000	0.00000	0.000000
3.9	4.4	0.00000	0.00000	0.000000
4.4	5	0.00000	0.00000	0.000000
5	6	0.00000	0.00000	0.000000
------------------------
========================
Au+Au 39 GeV
------------------------
pTlow [GeV/c] pThigh [GeV/c] d^2N/(2pi*pt*dpt*dy)[(GeV/c)^-2] error(stat.) error(sys.)
ala  0-5%
0.4	0.6	0.81200	0.01400	0.100000
0.6	0.8	0.65220	0.00730	0.064900
0.8	1	0.51330	0.00480	0.047300
1	1.2	0.37310	0.00330	0.032300
1.2	1.4	0.24860	0.00220	0.022600
1.4	1.6	0.15300	0.00140	0.012100
1.6	1.8	0.08873	0.00081	0.007710
1.8	2	0.04845	0.00048	0.004060
2	2.3	0.02260	0.00019	0.001850
2.3	2.6	0.00837	0.00009	0.000630
2.6	3	0.00264	0.00003	0.000212
3	3.4	0.00074	0.00001	0.000060
3.4	3.9	0.00015	0.00001	0.000013
3.9	4.4	0.00003	0.00000	0.000003
4.4	5	0.00000	0.00000	0.000000
5	6	0.00000	0.00000	0.000000
------------------------
ala  5-10%
0.4	0.6	0.71870	0.01240	0.054600
0.6	0.8	0.57480	0.00620	0.048400
0.8	1	0.44410	0.00410	0.035500
1	1.2	0.31320	0.00280	0.024000
1.2	1.4	0.20350	0.00180	0.014800
1.4	1.6	0.12293	0.00111	0.009650
1.6	1.8	0.06995	0.00067	0.005180
1.8	2	0.03881	0.00040	0.002500
2	2.3	0.01841	0.00016	0.001430
2.3	2.6	0.00689	0.00007	0.000475
2.6	3	0.00218	0.00003	0.000156
3	3.4	0.00055	0.00001	0.000040
3.4	3.9	0.00013	0.00000	0.000009
3.9	4.4	0.00002	0.00000	0.000002
4.4	5	0.00000	0.00000	0.000000
5	6	0.00000	0.00000	0.000000
------------------------
ala  10-20%
0.4	0.6	0.59220	0.00740	0.042200
0.6	0.8	0.46140	0.00370	0.031200
0.8	1	0.34630	0.00240	0.023900
1	1.2	0.24090	0.00160	0.017100
1.2	1.4	0.15329	0.00101	0.009060
1.4	1.6	0.09243	0.00063	0.006100
1.6	1.8	0.05167	0.00036	0.003420
1.8	2	0.02864	0.00022	0.001740
2	2.3	0.01343	0.00009	0.000852
2.3	2.6	0.00509	0.00004	0.000355
2.6	3	0.00161	0.00001	0.000102
3	3.4	0.00043	0.00001	0.000028
3.4	3.9	0.00010	0.00000	0.000007
3.9	4.4	0.00002	0.00000	0.000001
4.4	5	0.00000	0.00000	0.000000
5	6	0.00000	0.00000	0.000000
------------------------
ala  20-30%
0.4	0.6	0.43490	0.00600	0.022700
0.6	0.8	0.33710	0.00300	0.016600
0.8	1	0.24590	0.00190	0.011100
1	1.2	0.16469	0.00120	0.007480
1.2	1.4	0.10406	0.00077	0.004800
1.4	1.6	0.06094	0.00047	0.002980
1.6	1.8	0.03408	0.00028	0.001290
1.8	2	0.01824	0.00016	0.001030
2	2.3	0.00840	0.00006	0.000392
2.3	2.6	0.00314	0.00003	0.000198
2.6	3	0.00102	0.00001	0.000051
3	3.4	0.00026	0.00000	0.000013
3.4	3.9	0.00006	0.00000	0.000003
3.9	4.4	0.00001	0.00000	0.000001
4.4	5	0.00000	0.00000	0.000000
5	6	0.00000	0.00000	0.000000
------------------------
ala  30-40%
0.4	0.6	0.33140	0.00530	0.018400
0.6	0.8	0.23730	0.00249	0.009320
2	2.3	0.00503	0.00005	0.000256
2.3	2.6	0.00183	0.00002	0.000124
2.6	3	0.00058	0.00001	0.000030
3	3.4	0.00015	0.00000	0.000008
3.4	3.9	0.00004	0.00000	0.000002
3.9	4.4	0.00001	0.00000	0.000000
4.4	5	0.00000	0.00000	0.000000
5	6	0.00000	0.00000	0.000000
------------------------
ala  40-60%
0.4	0.6	0.18700	0.00290	0.013600
0.6	0.8	0.12661	0.00130	0.005210
0.8	1	0.08369	0.00077	0.002830
1	1.2	0.05139	0.00046	0.002230
1.2	1.4	0.02908	0.00026	0.001060
1.4	1.6	0.01578	0.00015	0.000771
1.6	1.8	0.00828	0.00008	0.000365
1.8	2	0.00431	0.00005	0.000251
2	2.3	0.00188	0.00002	0.000104
2.3	2.6	0.00068	0.00001	0.000047
2.6	3	0.00021	0.00000	0.000011
3	3.4	0.00006	0.00000	0.000003
3.4	3.9	0.00001	0.00000	0.000001
3.9	4.4	0.00000	0.00000	0.000000
4.4	5	0.00000	0.00000	0.000000
5	6	0.00000	0.00000	0.000000
------------------------
ala  60-80%
0.4	0.6	0.06313	0.00130	0.002760
0.6	0.8	0.03966	0.00058	0.002070
0.8	1	0.02205	0.00028	0.001510
1	1.2	0.01227	0.00016	0.000976
1.2	1.4	0.00622	0.00008	0.000565
1.4	1.6	0.00307	0.00004	0.000253
1.6	1.8	0.00154	0.00002	0.000132
1.8	2	0.00074	0.00001	0.000070
2	2.3	0.00032	0.00001	0.000031
2.3	2.6	0.00011	0.00000	0.000013
2.6	3	0.00003	0.00000	0.000003
3	3.4	0.00001	0.00000	0.000001
3.4	3.9	0.00000	0.00000	0.000000
3.9	4.4	0.00000	0.00000	0.000000
4.4	5	0.00000	0.00000	0.000000
------------------------
========================
Au+Au 39 GeV
------------------------
pTlow [GeV/c] pThigh [GeV/c] d^2N/(2pi*pt*dpt*dy)[(GeV/c)^-2] error(stat.) error(sys.)
la  0-5%
0.4	0.6	2.53000	0.03500	0.182000
0.6	0.8	1.96700	0.01700	0.152000
0.8	1	1.47600	0.01100	0.131000
1	1.2	1.01840	0.00740	0.083700
1.2	1.4	0.66930	0.00490	0.049300
1.4	1.6	0.40300	0.00300	0.031700
1.6	1.8	0.23040	0.00180	0.017700
1.8	2	0.13008	0.00109	0.009030
2	2.3	0.06169	0.00044	0.004380
2.3	2.6	0.02362	0.00019	0.001650
2.6	3	0.00778	0.00007	0.000557
3	3.4	0.00220	0.00003	0.000163
3.4	3.9	0.00053	0.00001	0.000040
3.9	4.4	0.00011	0.00000	0.000009
4.4	5	0.00002	0.00000	0.000002
5	6	0.00000	0.00000	0.000000
------------------------
la  5-10%
0.4	0.6	2.05000	0.03000	0.154000
0.6	0.8	1.62100	0.01500	0.128000
0.8	1	1.20800	0.00960	0.076800
1	1.2	0.82580	0.00620	0.057800
1.2	1.4	0.54010	0.00420	0.034000
1.4	1.6	0.32210	0.00250	0.022600
1.6	1.8	0.18640	0.00150	0.012000
1.8	2	0.10450	0.00093	0.005630
2	2.3	0.04936	0.00037	0.003130
2.3	2.6	0.01866	0.00016	0.001270
2.6	3	0.00615	0.00005	0.000434
3	3.4	0.00172	0.00002	0.000114
3.4	3.9	0.00043	0.00001	0.000030
3.9	4.4	0.00009	0.00000	0.000006
4.4	5	0.00002	0.00000	0.000001
5	6	0.00000	0.00000	0.000000
------------------------
la  10-20%
0.4	0.6	1.62000	0.01700	0.115000
0.6	0.8	1.22410	0.00840	0.079300
0.8	1	0.91220	0.00550	0.052400
1	1.2	0.62890	0.00360	0.032600
1.2	1.4	0.39170	0.00230	0.019300
1.4	1.6	0.23970	0.00150	0.011700
1.6	1.8	0.13622	0.00086	0.006270
1.8	2	0.07463	0.00050	0.004680
2	2.3	0.03589	0.00021	0.002150
2.3	2.6	0.01365	0.00009	0.000789
2.6	3	0.00453	0.00003	0.000262
3	3.4	0.00130	0.00001	0.000071
3.4	3.9	0.00033	0.00000	0.000019
3.9	4.4	0.00007	0.00000	0.000004
4.4	5	0.00002	0.00000	0.000001
5	6	0.00000	0.00000	0.000000
------------------------
la  20-30%
0.4	0.6	1.12350	0.01330	0.071800
0.6	0.8	0.85230	0.00660	0.038900
0.8	1	0.60940	0.00410	0.028900
1	1.2	0.40720	0.00270	0.018000
1.2	1.4	0.25081	0.00167	0.008380
1.4	1.6	0.15034	0.00104	0.006770
1.6	1.8	0.08535	0.00063	0.003960
1.8	2	0.04663	0.00036	0.001710
2	2.3	0.02215	0.00015	0.001120
2.3	2.6	0.00847	0.00006	0.000368
2.6	3	0.00290	0.00002	0.000150
3	3.4	0.00083	0.00001	0.000039
3.4	3.9	0.00021	0.00000	0.000010
3.9	4.4	0.00005	0.00000	0.000002
4.4	5	0.00001	0.00000	0.000001
5	6	0.00000	0.00000	0.000000
------------------------
la  30-40%
0.4	0.6	0.77700	0.01090	0.037700
0.6	0.8	0.56830	0.00530	0.031300
0.8	1	0.39160	0.00320	0.015200
1	1.2	0.25289	0.00201	0.008890
1.2	1.4	0.15415	0.00125	0.005830
1.4	1.6	0.08874	0.00075	0.003080
1.6	1.8	0.04916	0.00043	0.001490
1.8	2	0.02674	0.00025	0.001030
2	2.3	0.01247	0.00010	0.000547
2.3	2.6	0.00485	0.00004	0.000182
2.6	3	0.00162	0.00001	0.000062
3	3.4	0.00048	0.00001	0.000020
3.4	3.9	0.00012	0.00000	0.000005
3.9	4.4	0.00003	0.00000	0.000001
4.4	5	0.00001	0.00000	0.000000
5	6	0.00000	0.00000	0.000000
------------------------
la  40-60%
0.4	0.6	0.40380	0.00560	0.022500
0.6	0.8	0.27610	0.00260	0.015100
0.8	1	0.17779	0.00148	0.007390
1	1.2	0.11097	0.00091	0.004270
1.2	1.4	0.06398	0.00054	0.002400
1.4	1.6	0.03584	0.00031	0.001800
1.6	1.8	0.01909	0.00018	0.000746
1.8	2	0.01031	0.00010	0.000437
2	2.3	0.00464	0.00004	0.000191
2.3	2.6	0.00177	0.00002	0.000059
2.6	3	0.00059	0.00001	0.000028
3	3.4	0.00018	0.00000	0.000008
3.4	3.9	0.00005	0.00000	0.000002
3.9	4.4	0.00001	0.00000	0.000000
4.4	5	0.00000	0.00000	0.000000
5	6	0.00000	0.00000	0.000000
------------------------
la  60-80%
0.4	0.6	0.11794	0.00227	0.008820
0.6	0.8	0.07528	0.00100	0.003120
0.8	1	0.04315	0.00052	0.003400
1	1.2	0.02434	0.00029	0.001750
1.2	1.4	0.01255	0.00015	0.000920
1.4	1.6	0.00658	0.00009	0.000444
1.6	1.8	0.00337	0.00005	0.000262
1.8	2	0.00176	0.00003	0.000135
2	2.3	0.00076	0.00001	0.000063
2.3	2.6	0.00028	0.00000	0.000028
2.6	3	0.00009	0.00000	0.000011
3	3.4	0.00003	0.00000	0.000002
3.4	3.9	0.00001	0.00000	0.000001
3.9	4.4	0.00000	0.00000	0.000000
4.4	5	0.00000	0.00000	0.000000
5	6	0.00000	0.00000	0.000000

