FIT	CollEn	particle	centrality	mass	beta	betaErr	temp	tempErr	n-v_prof	nErr	norm	normErr	dETdEta_data	dETdEta_d_err	dETdEtaLeft	dETdEtaLErr	dETdEtaRight	dETdEtaRErr	dETdEtaTotal	dETdEtaTErr	dETdy_d	dETdy_d_err	dETdyLeft	dETdyLErr	dETdyRight	dETdyRErr	dETdyTotal	dETdyTErr	dNdEta_d	dNdEta_d_err	dNdEtaLeft	dNdEtaLErr	dNdEtaRight	dNdEtaRErr	dNdEtaTotal	dNdEtaTErr	dNdy_d	dNdy_d_err	dNdyLeft	dNdyLErr	dNdyRight	dNdyRErr	dNdyTotal	dNdyTErr	Npart	NpartErr
bis	200	la_	0	1.11568	0.616947	0.13548	0.169531	0.0392875	0.607043	0.482675	23610.9	44617.3	5.96759	0.560922	0.0601234	0.00482845	5.84881e-05	1.06016e-05	6.02777	0.565761	7.5731	0.707461	0.146819	0.0124471	5.9705e-05	1.08187e-05	7.71998	0.719919	8.83663	0.811859	0.631162	0.0589355	1.31598e-05	1.06016e-05	9.4678	0.870805	12.358	1.14461	0.631162	0.0589355	1.31598e-05	2.36128e-06	12.9892	1.20355	350	3
tan	200	la_	0	1.11568	0.616956	0.405842	0.169527	0.104715	0.607068	1.16214	23616.2	127080	5.96759	0.560922	0.0601241	0.00533839	5.84813e-05	1.17368e-05	6.02777	0.566272	7.5731	0.707461	0.14682	0.0138102	5.96981e-05	1.1977e-05	7.71998	0.721283	8.83663	0.811859	0.631168	0.0657534	1.31582e-05	1.17368e-05	9.46781	0.877624	12.358	1.14461	0.631168	0.0657534	1.31582e-05	2.61399e-06	12.9892	1.21037	0	20992736
hag	200	la_	0	1.11568	3.62305	0.0171405	200	0.909019	15	0.0247286	5.96759	0.560922	0.0635128	0.0010398	0.00052187	2.17578e-05	6.03162	0.561983	7.5731	0.707461	0.15892	0.00257969	0.000531685	2.21633e-05	7.73255	0.710063	8.83663	0.811859	0.714367	0.0114209	0.000110144	2.17578e-05	9.5511	0.823301	12.358	1.14461	0.714367	0.0114209	0.000110144	4.56578e-06	13.0725	1.15604	32766	-1481982336
ex1	200	la_	0	1.11568	3.1282	0.140607	0.413979	0.00338808	5.96759	0.560922	0.110153	0.00408322	0.000159946	1.23957e-05	6.0779	0.565018	7.5731	0.707461	0.288406	0.0108742	0.000163193	1.26438e-05	7.86167	0.718348	8.83663	0.811859	1.42678	0.0555537	3.54387e-05	1.23957e-05	10.2634	0.867425	12.358	1.14461	1.42678	0.0555537	3.54387e-05	2.72179e-06	13.7848	1.20017	0	46103328
ex2	200	la_	0	1.11568	47.1262	5.49676	-0.697445	0.198656	0.303311	0.0102798	5.96759	0.560922	0.0544768	0.00500184	5.40268e-05	1.00182e-05	6.02212	0.565934	7.5731	0.707461	0.127826	0.0127296	5.51552e-05	1.02241e-05	7.70098	0.720201	8.83663	0.811859	0.497045	0.0573921	1.21853e-05	1.00182e-05	9.33368	0.869261	12.358	1.14461	0.497045	0.0573921	1.21853e-05	2.23693e-06	12.8551	1.20201	32766	-1481988864
bis	200	la_	1	1.11568	0.592407	0.492436	0.186167	0.12683	0.808298	1.19946	7193.63	37081.1	3.53915	0.323134	0.0408119	0.003515	4.68932e-05	1.17481e-05	3.58001	0.326661	4.50945	0.407651	0.100506	0.00919092	4.78632e-05	1.19865e-05	4.61	0.416854	5.33646	0.467864	0.438952	0.0445541	1.05128e-05	1.17481e-05	5.77543	0.51243	7.50876	0.658893	0.438952	0.0445541	1.05128e-05	2.60187e-06	7.94772	0.70345	299	4
tan	200	la_	1	1.11568	0.592483	0.372273	0.186148	0.11207	0.808595	0.784579	7199.23	24564	3.53915	0.323134	0.0408122	0.0030785	4.68992e-05	1.02245e-05	3.58001	0.326223	4.50945	0.407651	0.100506	0.00799614	4.78694e-05	1.04321e-05	4.61	0.415658	5.33646	0.467864	0.438955	0.0383458	1.05141e-05	1.02245e-05	5.77543	0.50622	7.50876	0.658893	0.438955	0.0383458	1.05141e-05	2.26551e-06	7.94772	0.697241	0	20992736
hag	200	la_	1	1.11568	3.83643	0.0171769	200	2.64761	15	0.0493537	3.53915	0.323134	0.0518743	0.000839481	0.000313389	1.26421e-05	3.59134	0.323986	4.50945	0.407651	0.13002	0.00208643	0.000319309	1.28789e-05	4.63979	0.409751	5.33646	0.467864	0.586225	0.0092665	6.63302e-05	1.26421e-05	5.92275	0.477143	7.50876	0.658893	0.586225	0.0092665	6.63302e-05	2.6614e-06	8.09505	0.668162	32766	-1481982336
ex1	200	la_	1	1.11568	1.79953	0.0804534	0.420629	0.00362719	3.53915	0.323134	0.0646296	0.00234815	0.000113767	9.16633e-06	3.60389	0.325491	4.50945	0.407651	0.168928	0.00625133	0.000116072	9.34924e-06	4.67849	0.413912	5.33646	0.467864	0.833019	0.0319142	2.51706e-05	9.16633e-06	6.16951	0.499787	7.50876	0.658893	0.833019	0.0319142	2.51706e-05	2.00907e-06	8.3418	0.690809	0	46103328
ex2	200	la_	1	1.11568	23.6866	2.81299	-0.339843	0.189624	0.32213	0.0115009	3.53915	0.323134	0.037954	0.00319025	4.24366e-05	8.14854e-06	3.57714	0.326332	4.50945	0.407651	0.0905354	0.00836845	4.33182e-05	8.31495e-06	4.60002	0.416028	5.33646	0.467864	0.364041	0.0400849	9.53951e-06	8.14854e-06	5.70051	0.507957	7.50876	0.658893	0.364041	0.0400849	9.53951e-06	1.81219e-06	7.87281	0.69898	32766	-1481988864
bis	200	la_	2	1.11568	0.717057	0.427955	0.0917452	417905	0.227685	417905	4.44945e+06	1	1.89482	0.171167	0.00985035	0	4.74931e-07	0	1.90467	0.171167	2.42626	0.216641	0.0223733	0	4.85214e-07	0	2.44863	0.216641	2.91999	0.251469	0.0830454	0	1.0955e-07	0	3.00304	0.251469	4.13572	0.355507	0.0830454	0	1.0955e-07	0	4.21877	0.355507	234	5
tan	200	la_	2	1.11568	0.565379	0.0232071	0.2	0.106734	1.03207	0.290218	2431.99	98.1222	1.89482	0.171167	0.0245839	0.00145952	2.76326e-05	5.71022e-06	1.91943	0.172632	2.42626	0.216641	0.0608565	0.00374559	2.82024e-05	5.82579e-06	2.48714	0.220392	2.91999	0.251469	0.268321	0.0175969	6.18272e-06	5.71022e-06	3.18832	0.269071	4.13572	0.355507	0.268321	0.0175969	6.18272e-06	1.26278e-06	4.40405	0.373105	0	20992736
hag	200	la_	2	1.11568	4.04095	0.0632782	150.196	13.0158	15	0.112333	1.89482	0.171167	0.0321691	0.00111989	0.000146716	9.53082e-06	1.92714	0.172296	2.42626	0.216641	0.0807596	0.00283983	0.000149499	9.70862e-06	2.50717	0.219491	2.91999	0.251469	0.365151	0.013069	3.11297e-05	9.53082e-06	3.28517	0.264547	4.13572	0.355507	0.365151	0.013069	3.11297e-05	2.00128e-06	4.50091	0.368578	32766	-1481982336
ex1	200	la_	2	1.11568	1.00682	0.0457977	0.4182	0.00374978	1.89482	0.171167	0.0359023	0.0013132	5.89471e-05	4.96371e-06	1.93078	0.172485	2.42626	0.216641	0.0938988	0.00350216	6.01421e-05	5.06285e-06	2.52022	0.220148	2.91999	0.251469	0.463573	0.0179363	1.30487e-05	4.96371e-06	3.38358	0.26941	4.13572	0.355507	0.463573	0.0179363	1.30487e-05	1.08856e-06	4.59931	0.373444	0	46103328
ex2	200	la_	2	1.11568	12.1498	1.51223	-0.126869	0.189758	0.330722	0.0125183	1.89482	0.171167	0.0232593	0.00189115	2.35837e-05	4.8251e-06	1.9181	0.173062	2.42626	0.216641	0.0561547	0.00507601	2.40727e-05	4.92343e-06	2.48243	0.221722	2.91999	0.251469	0.231457	0.0254619	5.29522e-06	4.8251e-06	3.15145	0.276936	4.13572	0.355507	0.231457	0.0254619	5.29522e-06	1.07163e-06	4.36719	0.38097	32766	-1481988864
bis	200	la_	3	1.11568	0.579457	0.478024	0.0839239	1	-0.156119	1	6.03037e+06	1.41453	0.687807	0.0649894	0.00429818	0	0.000247223	0	0.692352	0.0649894	0.891263	0.0831375	0.00969691	0	0.000251452	0	0.901212	0.0831375	1.11684	0.100304	0.035397	0	4.92506e-05	0	1.15229	0.100304	1.61161	0.144614	0.035397	0	4.92506e-05	0	1.64705	0.144614	168	5
tan	200	la_	3	1.11568	0.643196	0.0201764	0.2	0.00967151	2.80885	0.522942	1050.92	44.5066	0.687807	0.0649894	0.0116996	0.00066037	1.92458e-05	4.17202e-06	0.699526	0.065654	0.891263	0.0831375	0.0292579	0.00169298	1.96367e-05	4.25496e-06	0.920541	0.0848347	1.11684	0.100304	0.131371	0.00793607	4.26513e-06	4.17202e-06	1.24822	0.108244	1.61161	0.144614	0.131371	0.00793607	4.26513e-06	9.12248e-07	1.74298	0.152551	0	20992736
hag	200	la_	3	1.11568	4.0243	0.0785377	58.4384	6.24462	15	0.386661	0.687807	0.0649894	0.0127118	0.000509756	5.92898e-05	4.6591e-06	0.700578	0.0655038	0.891263	0.0831375	0.0319085	0.00129486	6.04139e-05	4.7459e-06	0.923232	0.0844371	1.11684	0.100304	0.14424	0.00597623	1.25775e-05	4.6591e-06	1.26109	0.106285	1.61161	0.144614	0.14424	0.00597623	1.25775e-05	9.77535e-07	1.75586	0.150591	32766	-1481982336
ex1	200	la_	3	1.11568	0.41256	0.0227748	0.412608	0.00469154	0.687807	0.0649894	0.0144673	0.000622056	2.01747e-05	2.15345e-06	0.702294	0.0656136	0.891263	0.0831375	0.0378923	0.00166742	2.05845e-05	2.19655e-06	0.929176	0.0848071	1.11684	0.100304	0.187585	0.00861807	4.47138e-06	2.15345e-06	1.30443	0.108924	1.61161	0.144614	0.187585	0.00861807	4.47138e-06	4.72824e-07	1.7992	0.153233	0	46103328
ex2	200	la_	3	1.11568	3.17117	0.432243	0.662673	0.204459	0.38146	0.0181913	0.687807	0.0649894	0.0126401	0.00115991	1.46777e-05	3.36999e-06	0.700462	0.0661527	0.891263	0.0831375	0.03217	0.00341825	1.49782e-05	3.43756e-06	0.923448	0.0865592	1.11684	0.100304	0.148798	0.0209223	3.26917e-06	3.36999e-06	1.26564	0.121229	1.61161	0.144614	0.148798	0.0209223	3.26917e-06	7.40872e-07	1.76041	0.165537	32766	-1481988864
bis	200	la_	4	1.11568	0.645015	0.05842	0.244676	0.0434474	9.96162	12.7559	80.8317	94.3898	0.184054	0.019671	0.00354014	0.000407425	8.7247e-06	6.21865e-06	0.187603	0.0200846	0.242125	0.0256023	0.0088431	0.00106101	8.89713e-06	6.3351e-06	0.250977	0.0266697	0.318714	0.0328135	0.0396212	0.00510152	1.90056e-06	6.21865e-06	0.358337	0.0379212	0.470296	0.0487725	0.0396212	0.00510152	1.90056e-06	1.30978e-06	0.509919	0.0538753	117	5
tan	200	la_	4	1.11568	0.659139	0.023659	0.2	0.025725	4.50379	0.899573	328.515	16.6251	0.184054	0.019671	0.00386056	0.000246326	5.10166e-06	1.33146e-06	0.18792	0.0199186	0.242125	0.0256023	0.0096983	0.000631037	5.2049e-06	1.35781e-06	0.251829	0.0262347	0.318714	0.0328135	0.043894	0.00295371	1.12803e-06	1.33146e-06	0.362609	0.0357685	0.470296	0.0487725	0.043894	0.00295371	1.12803e-06	2.90301e-07	0.514191	0.0517265	0	20992736
hag	200	la_	4	1.11568	5.29718	0.0948539	50	8.09451	12.0997	0.524797	0.184054	0.019671	0.00425275	0.00050262	1.52665e-05	6.81155e-06	0.188322	0.0201804	0.242125	0.0256023	0.0107373	0.00125538	1.55524e-05	6.93695e-06	0.252878	0.0268647	0.318714	0.0328135	0.0490369	0.00562486	3.21327e-06	6.81155e-06	0.367754	0.0384452	0.470296	0.0487725	0.0490369	0.00562486	3.21327e-06	1.41817e-06	0.519336	0.0543987	32766	-1481982336
ex1	200	la_	4	1.11568	0.14182	0.00995076	0.390826	0.00557541	0.184054	0.019671	0.00463895	0.000248633	3.28166e-06	4.61616e-07	0.188697	0.01992	0.242125	0.0256023	0.0122243	0.000672381	3.34883e-06	4.70936e-07	0.254353	0.0262752	0.318714	0.0328135	0.0612156	0.00353171	7.30803e-07	4.61616e-07	0.37993	0.0363457	0.470296	0.0487725	0.0612156	0.00353171	7.30803e-07	1.01923e-07	0.531512	0.0523043	0	46103328
ex2	200	la_	4	1.11568	0.81021	0.127159	1.16788	0.248871	0.406316	0.0245146	0.184054	0.019671	0.00500065	0.000619114	3.84279e-06	1.03516e-06	0.189059	0.0202911	0.242125	0.0256023	0.013402	0.00199134	3.92114e-06	1.05581e-06	0.255531	0.0275947	0.318714	0.0328135	0.0699707	0.0148513	8.53735e-07	1.03516e-06	0.388685	0.0476658	0.470296	0.0487725	0.0699707	0.0148513	8.53735e-07	2.26802e-07	0.540268	0.063624	32766	-1481988864
FIT	CollEn	particle	centrality	mass	beta	betaErr	temp	tempErr	n-v_prof	nErr	norm	normErr	dETdEta_data	dETdEta_d_err	dETdEtaLeft	dETdEtaLErr	dETdEtaRight	dETdEtaRErr	dETdEtaTotal	dETdEtaTErr	dETdy_d	dETdy_d_err	dETdyLeft	dETdyLErr	dETdyRight	dETdyRErr	dETdyTotal	dETdyTErr	dNdEta_d	dNdEta_d_err	dNdEtaLeft	dNdEtaLErr	dNdEtaRight	dNdEtaRErr	dNdEtaTotal	dNdEtaTErr	dNdy_d	dNdy_d_err	dNdyLeft	dNdyLErr	dNdyRight	dNdyRErr	dNdyTotal	dNdyTErr	Npart	NpartErr
bis	200	la_	0	1.11568	0.616954	0.139082	0.169528	0.0403942	0.607054	0.495118	23615.3	45887	5.96759	0.560922	0.0601244	0.00483161	5.84834e-05	1.06094e-05	6.02777	0.565764	7.5731	0.707461	0.146821	0.0124556	5.97002e-05	1.08266e-05	7.71998	0.719927	8.83663	0.811859	0.631171	0.0589785	1.31587e-05	1.06094e-05	9.46781	0.870848	12.358	1.14461	0.631171	0.0589785	1.31587e-05	2.36301e-06	12.9892	1.20359	350	3
tan	200	la_	0	1.11568	0.616935	0.132281	0.169533	0.0358661	0.606986	0.478294	23609.6	44896	5.96759	0.560922	0.0601241	0.00482903	5.8483e-05	1.06028e-05	6.02777	0.565762	7.5731	0.707461	0.14682	0.0124487	5.96998e-05	1.08199e-05	7.71998	0.71992	8.83663	0.811859	0.631168	0.0589436	1.31586e-05	1.06028e-05	9.46781	0.870813	12.358	1.14461	0.631168	0.0589436	1.31586e-05	2.36154e-06	12.9892	1.20356	0	9822944
hag	200	la_	0	1.11568	3.62305	0.0171405	200	0.909019	15	0.0247286	5.96759	0.560922	0.0635128	0.0010398	0.00052187	2.17578e-05	6.03162	0.561983	7.5731	0.707461	0.15892	0.00257969	0.000531685	2.21633e-05	7.73255	0.710063	8.83663	0.811859	0.714367	0.0114209	0.000110144	2.17578e-05	9.5511	0.823301	12.358	1.14461	0.714367	0.0114209	0.000110144	4.56578e-06	13.0725	1.15604	32767	-1326485456
ex1	200	la_	0	1.11568	3.1282	0.140607	0.413979	0.00338808	5.96759	0.560922	0.110153	0.00408322	0.000159946	1.23957e-05	6.0779	0.565018	7.5731	0.707461	0.288406	0.0108742	0.000163193	1.26438e-05	7.86167	0.718348	8.83663	0.811859	1.42678	0.0555537	3.54387e-05	1.23957e-05	10.2634	0.867425	12.358	1.14461	1.42678	0.0555537	3.54387e-05	2.72179e-06	13.7848	1.20017	0	46310624
ex2	200	la_	0	1.11568	47.1262	5.49676	-0.697445	0.198656	0.303311	0.0102798	5.96759	0.560922	0.0544768	0.00500184	5.40268e-05	1.00182e-05	6.02212	0.565934	7.5731	0.707461	0.127826	0.0127296	5.51552e-05	1.02241e-05	7.70098	0.720201	8.83663	0.811859	0.497045	0.0573921	1.21853e-05	1.00182e-05	9.33368	0.869261	12.358	1.14461	0.497045	0.0573921	1.21853e-05	2.23693e-06	12.8551	1.20201	32767	-1326491984
bis	200	la_	1	1.11568	0.592407	0.492436	0.186167	0.12683	0.808298	1.19946	7193.63	37081.1	3.53915	0.323134	0.0408119	0.003515	4.68932e-05	1.17482e-05	3.58001	0.326661	4.50945	0.407651	0.100506	0.00919092	4.78632e-05	1.19865e-05	4.61	0.416854	5.33646	0.467864	0.438951	0.0445541	1.05128e-05	1.17482e-05	5.77543	0.51243	7.50876	0.658893	0.438951	0.0445541	1.05128e-05	2.60187e-06	7.94772	0.70345	299	4
tan	200	la_	1	1.11568	0.592483	0.372273	0.186148	0.11207	0.808595	0.784579	7199.23	24564	3.53915	0.323134	0.0408122	0.0030785	4.68992e-05	1.02245e-05	3.58001	0.326223	4.50945	0.407651	0.100506	0.00799614	4.78694e-05	1.04321e-05	4.61	0.415658	5.33646	0.467864	0.438955	0.0383458	1.05142e-05	1.02245e-05	5.77543	0.50622	7.50876	0.658893	0.438955	0.0383458	1.05142e-05	2.26551e-06	7.94772	0.697241	0	9822944
hag	200	la_	1	1.11568	3.83643	0.0171769	200	2.64761	15	0.0493537	3.53915	0.323134	0.0518743	0.000839481	0.000313389	1.26421e-05	3.59134	0.323986	4.50945	0.407651	0.13002	0.00208643	0.000319309	1.28789e-05	4.63979	0.409751	5.33646	0.467864	0.586225	0.0092665	6.63302e-05	1.26421e-05	5.92275	0.477143	7.50876	0.658893	0.586225	0.0092665	6.63302e-05	2.6614e-06	8.09505	0.668162	32767	-1326485456
ex1	200	la_	1	1.11568	1.79953	0.0804534	0.420629	0.00362719	3.53915	0.323134	0.0646295	0.00234815	0.000113767	9.16633e-06	3.60389	0.325491	4.50945	0.407651	0.168928	0.00625133	0.000116072	9.34924e-06	4.67849	0.413912	5.33646	0.467864	0.833019	0.0319142	2.51706e-05	9.16633e-06	6.16951	0.499787	7.50876	0.658893	0.833019	0.0319142	2.51706e-05	2.00907e-06	8.3418	0.690809	0	46310624
ex2	200	la_	1	1.11568	23.6866	2.81299	-0.339843	0.189624	0.32213	0.0115009	3.53915	0.323134	0.037954	0.00319025	4.24366e-05	8.14854e-06	3.57714	0.326332	4.50945	0.407651	0.0905354	0.00836845	4.33183e-05	8.31495e-06	4.60002	0.416028	5.33646	0.467864	0.364041	0.0400849	9.53951e-06	8.14854e-06	5.70051	0.507957	7.50876	0.658893	0.364041	0.0400849	9.53951e-06	1.81219e-06	7.87281	0.69898	32767	-1326491984
bis	200	la_	2	1.11568	0.717057	0.427955	0.0917452	417905	0.227685	417905	4.44945e+06	1	1.89482	0.171166	0.00985034	0	4.74932e-07	0	1.90467	0.171166	2.42626	0.216641	0.0223733	0	4.85214e-07	0	2.44863	0.216641	2.91999	0.251469	0.0830454	0	1.0955e-07	0	3.00304	0.251469	4.13572	0.355507	0.0830454	0	1.0955e-07	0	4.21877	0.355507	234	5
tan	200	la_	2	1.11568	0.565379	0.0232071	0.2	0.106734	1.03207	0.290218	2431.99	98.1222	1.89482	0.171166	0.0245839	0.00145952	2.76326e-05	5.71022e-06	1.91943	0.172632	2.42626	0.216641	0.0608564	0.00374559	2.82025e-05	5.82579e-06	2.48714	0.220392	2.91999	0.251469	0.268321	0.0175969	6.18272e-06	5.71022e-06	3.18832	0.269071	4.13572	0.355507	0.268321	0.0175969	6.18272e-06	1.26278e-06	4.40405	0.373105	0	9822944
hag	200	la_	2	1.11568	4.04095	0.0632782	150.196	13.0158	15	0.112333	1.89482	0.171166	0.032169	0.00111988	0.000146716	9.53083e-06	1.92714	0.172296	2.42626	0.216641	0.0807595	0.00283983	0.000149499	9.70862e-06	2.50716	0.219491	2.91999	0.251469	0.365151	0.013069	3.11297e-05	9.53083e-06	3.28517	0.264547	4.13572	0.355507	0.365151	0.013069	3.11297e-05	2.00128e-06	4.5009	0.368578	32767	-1326485456
ex1	200	la_	2	1.11568	1.00682	0.0457977	0.4182	0.00374978	1.89482	0.171166	0.0359023	0.0013132	5.89471e-05	4.96371e-06	1.93078	0.172485	2.42626	0.216641	0.0938988	0.00350216	6.01421e-05	5.06285e-06	2.52021	0.220148	2.91999	0.251469	0.463573	0.0179363	1.30487e-05	4.96371e-06	3.38358	0.26941	4.13572	0.355507	0.463573	0.0179363	1.30487e-05	1.08856e-06	4.59931	0.373444	0	46310624
ex2	200	la_	2	1.11568	12.1498	1.51223	-0.126869	0.189758	0.330722	0.0125183	1.89482	0.171166	0.0232593	0.00189115	2.35837e-05	4.82511e-06	1.9181	0.173062	2.42626	0.216641	0.0561546	0.00507601	2.40727e-05	4.92343e-06	2.48243	0.221722	2.91999	0.251469	0.231456	0.0254619	5.29522e-06	4.82511e-06	3.15145	0.276936	4.13572	0.355507	0.231456	0.0254619	5.29522e-06	1.07163e-06	4.36718	0.38097	32767	-1326491984
bis	200	la_	3	1.11568	0.579457	0.478024	0.0839239	1	-0.156119	1	6.03037e+06	1.41453	0.687807	0.0649894	0.00429817	0	0.000247223	0	0.692352	0.0649894	0.891263	0.0831375	0.0096969	0	0.000251452	0	0.901212	0.0831375	1.11684	0.100304	0.035397	0	4.92506e-05	0	1.15229	0.100304	1.61161	0.144614	0.035397	0	4.92506e-05	0	1.64705	0.144614	168	5
tan	200	la_	3	1.11568	0.643194	0.0201763	0.2	0.0096796	2.8088	0.52293	1050.92	44.5064	0.687807	0.0649894	0.0116996	0.000660364	1.92456e-05	4.17195e-06	0.699526	0.065654	0.891263	0.0831375	0.0292578	0.00169296	1.96364e-05	4.25489e-06	0.920541	0.0848347	1.11684	0.100304	0.131371	0.00793599	4.26508e-06	4.17195e-06	1.24821	0.108244	1.61161	0.144614	0.131371	0.00793599	4.26508e-06	9.12233e-07	1.74298	0.152551	0	9822944
hag	200	la_	3	1.11568	4.0243	0.0785377	58.4384	6.24462	15	0.386661	0.687807	0.0649894	0.0127118	0.000509755	5.92898e-05	4.6591e-06	0.700578	0.0655038	0.891263	0.0831375	0.0319085	0.00129486	6.04139e-05	4.7459e-06	0.923232	0.0844371	1.11684	0.100304	0.14424	0.00597622	1.25775e-05	4.6591e-06	1.26109	0.106285	1.61161	0.144614	0.14424	0.00597622	1.25775e-05	9.77536e-07	1.75586	0.150591	32767	-1326485456
ex1	200	la_	3	1.11568	0.41256	0.0227748	0.412608	0.00469154	0.687807	0.0649894	0.0144673	0.000622055	2.01747e-05	2.15346e-06	0.702294	0.0656136	0.891263	0.0831375	0.0378923	0.00166742	2.05845e-05	2.19655e-06	0.929176	0.0848071	1.11684	0.100304	0.187585	0.00861806	4.47139e-06	2.15346e-06	1.30443	0.108924	1.61161	0.144614	0.187585	0.00861806	4.47139e-06	4.72825e-07	1.7992	0.153233	0	46310624
ex2	200	la_	3	1.11568	3.17117	0.432243	0.662673	0.204459	0.38146	0.0181913	0.687807	0.0649894	0.0126401	0.00115991	1.46777e-05	3.36999e-06	0.700462	0.0661527	0.891263	0.0831375	0.03217	0.00341825	1.49782e-05	3.43756e-06	0.923448	0.0865592	1.11684	0.100304	0.148798	0.0209223	3.26917e-06	3.36999e-06	1.26564	0.121229	1.61161	0.144614	0.148798	0.0209223	3.26917e-06	7.40872e-07	1.76041	0.165537	32767	-1326491984
bis	200	la_	4	1.11568	0.645015	0.05842	0.244676	0.0434474	9.96162	12.7559	80.8317	94.3898	0.184054	0.019671	0.00354014	0.000407425	8.7247e-06	6.21865e-06	0.187603	0.0200846	0.242125	0.0256024	0.0088431	0.00106101	8.89713e-06	6.3351e-06	0.250977	0.0266697	0.318714	0.0328135	0.0396212	0.00510152	1.90056e-06	6.21865e-06	0.358337	0.0379212	0.470296	0.0487725	0.0396212	0.00510152	1.90056e-06	1.30978e-06	0.509919	0.0538753	117	5
tan	200	la_	4	1.11568	0.659139	0.023659	0.2	0.025725	4.50379	0.899573	328.515	16.6251	0.184054	0.019671	0.00386056	0.000246326	5.10166e-06	1.33146e-06	0.18792	0.0199186	0.242125	0.0256024	0.0096983	0.000631037	5.2049e-06	1.35781e-06	0.251829	0.0262347	0.318714	0.0328135	0.0438941	0.00295371	1.12803e-06	1.33146e-06	0.362609	0.0357685	0.470296	0.0487725	0.0438941	0.00295371	1.12803e-06	2.90301e-07	0.514191	0.0517265	0	9822944
hag	200	la_	4	1.11568	5.29718	0.0948539	50	8.09451	12.0997	0.524797	0.184054	0.019671	0.00425275	0.00050262	1.52665e-05	6.81155e-06	0.188322	0.0201804	0.242125	0.0256024	0.0107373	0.00125538	1.55524e-05	6.93695e-06	0.252878	0.0268647	0.318714	0.0328135	0.0490369	0.00562486	3.21327e-06	6.81155e-06	0.367754	0.0384452	0.470296	0.0487725	0.0490369	0.00562486	3.21327e-06	1.41817e-06	0.519336	0.0543987	32767	-1326485456
ex1	200	la_	4	1.11568	0.14182	0.00995076	0.390826	0.00557541	0.184054	0.019671	0.00463895	0.000248633	3.28166e-06	4.61616e-07	0.188697	0.01992	0.242125	0.0256024	0.0122243	0.000672381	3.34883e-06	4.70936e-07	0.254353	0.0262752	0.318714	0.0328135	0.0612156	0.00353171	7.30803e-07	4.61616e-07	0.37993	0.0363457	0.470296	0.0487725	0.0612156	0.00353171	7.30803e-07	1.01923e-07	0.531512	0.0523043	0	46310624
ex2	200	la_	4	1.11568	0.81021	0.127159	1.16788	0.248871	0.406316	0.0245146	0.184054	0.019671	0.00500065	0.000619114	3.84279e-06	1.03516e-06	0.189059	0.0202911	0.242125	0.0256024	0.013402	0.00199134	3.92114e-06	1.05581e-06	0.255531	0.0275947	0.318714	0.0328135	0.0699707	0.0148513	8.53735e-07	1.03516e-06	0.388685	0.0476658	0.470296	0.0487725	0.0699707	0.0148513	8.53735e-07	2.26802e-07	0.540268	0.063624	32767	-1326491984


