Au+Au 62.4 GeV
------------------------
pTlow [GeV/c] pThigh [GeV/c] d^2N/(2pi*pt*dpt*dy)[(GeV/c)^-2] error(stat.) error(sys.)
pi+  0-5%
0.23 	 0.28 	 295.2830 	 0.00000 	 5.91339
0.28 	 0.33 	 226.8522 	 0.00000 	 4.54340
0.33 	 0.38 	 174.8156 	 0.00000 	 3.50081
0.38 	 0.42 	 135.9606 	 0.00000 	 1.36693
0.42 	 0.47 	 105.4820 	 0.00000 	 1.06124
0.47 	 0.53 	 82.0692 	 0.00000 	 0.82633
0.53 	 0.57 	 63.7740 	 0.00000 	 0.64282
0.57 	 0.62 	 49.8719 	 0.00000 	 0.99979
0.62 	 0.68 	 39.0152 	 0.00000 	 0.78260
0.68 	 0.72 	 30.9134 	 0.00000 	 0.92912
------------------------
========================
Au+Au 62.4 GeV
------------------------
pTlow [GeV/c] pThigh [GeV/c] d^2N/(2pi*pt*dpt*dy)[(GeV/c)^-2] error(stat.) error(sys.)
ka+  0-5%
0.28 	 0.33 	 22.5418 	 0.00000 	 0.46231
0.33 	 0.38 	 20.3193 	 0.00000 	 0.61472
0.38 	 0.42 	 18.7550 	 0.00000 	 0.94015
0.42 	 0.47 	 16.8424 	 0.00000 	 2.02208
0.47 	 0.53 	 14.3725 	 0.00000 	 1.72570
0.53 	 0.57 	 12.7710 	 0.00000 	 1.53347
0.57 	 0.62 	 11.3710 	 0.00000 	 0.91097
0.62 	 0.68 	 10.0626 	 0.00000 	 1.00765
0.68 	 0.72 	 8.7058 	 0.00000 	 1.04696
0.72 	 0.80 	 7.4113 	 0.00000 	 0.38447
------------------------
========================
Au+Au 62.4 GeV
------------------------
pTlow [GeV/c] pThigh [GeV/c] d^2N/(2pi*pt*dpt*dy)[(GeV/c)^-2] error(stat.) error(sys.)
proton  0-5%
0.42 	 0.47 	 6.4738 	 0.06713 	 0.00000
0.47 	 0.53 	 6.5029 	 0.06778 	 0.00000
0.53 	 0.57 	 6.4428 	 0.06741 	 0.00000
0.57 	 0.62 	 6.3758 	 0.06687 	 0.00000
0.62 	 0.68 	 6.0897 	 0.12343 	 0.00000
0.68 	 0.72 	 5.8399 	 0.11845 	 0.00000
0.72 	 0.78 	 5.4859 	 0.11137 	 0.00000
0.78 	 0.82 	 5.1070 	 0.10381 	 0.00000
0.82 	 0.88 	 4.8046 	 0.09777 	 0.00000
0.88 	 0.93 	 4.2923 	 0.12978 	 0.00000
0.93 	 0.97 	 3.9044 	 0.11827 	 0.00000
0.97 	 1.02 	 3.6015 	 0.10941 	 0.00000
1.02 	 1.07 	 3.2748 	 0.09934 	 0.00000
1.07 	 1.12 	 2.9964 	 0.12066 	 0.00000
1.12 	 1.25 	 2.6937 	 0.10915 	 0.00000
------------------------
========================
Au+Au 130 GeV
------------------------
pTlow [GeV/c] pThigh [GeV/c] d^2N/(2pi*pt*dpt*dy)[(GeV/c)^-2] error(stat.) error(sys.)
pi+  0-6%
0.23 	 0.28 	 362.8691 	 0.00000 	 7.81417
0.28 	 0.33 	 275.0515 	 0.00000 	 5.70672
0.33 	 0.38 	 209.8039 	 0.00000 	 2.39715
0.38 	 0.42 	 160.3239 	 0.00000 	 1.83359
0.42 	 0.47 	 124.5709 	 0.00000 	 1.48022
0.47 	 0.53 	 96.9626 	 0.00000 	 1.14217
0.53 	 0.57 	 76.6678 	 0.00000 	 1.54240
0.57 	 0.62 	 59.4120 	 0.00000 	 1.77740
0.62 	 0.68 	 47.1458 	 0.00000 	 1.42461
0.68 	 0.72 	 36.8889 	 0.00000 	 0.41540
------------------------
========================
Au+Au 130 GeV
------------------------
pTlow [GeV/c] pThigh [GeV/c] d^2N/(2pi*pt*dpt*dy)[(GeV/c)^-2] error(stat.) error(sys.)
ka+  0-6%
0.17 	 0.23 	 29.8890 	 0.00000 	 1.74200
0.23 	 0.28 	 30.2200 	 0.00000 	 1.63700
0.28 	 0.33 	 25.7820 	 0.00000 	 1.36200
0.33 	 0.38 	 24.5280 	 0.00000 	 1.28200
0.38 	 0.42 	 21.9470 	 0.00000 	 1.14400
0.42 	 0.47 	 19.9350 	 0.00000 	 1.04500
0.47 	 0.53 	 17.7990 	 0.00000 	 0.93800
0.53 	 0.57 	 15.6730 	 0.00000 	 1.58400
0.57 	 0.62 	 14.2810 	 0.00000 	 1.44600
0.62 	 0.68 	 12.2700 	 0.00000 	 1.25200
0.68 	 0.72 	 9.7840 	 0.00000 	 1.02300
0.72 	 0.78 	 9.0990 	 0.00000 	 1.01500
0.78 	 0.82 	 6.2850 	 0.00000 	 0.84100
------------------------
========================
Au+Au 130 GeV
------------------------
pTlow [GeV/c] pThigh [GeV/c] d^2N/(2pi*pt*dpt*dy)[(GeV/c)^-2] error(stat.) error(sys.)
proton  0-6%
0.38 	 0.42 	 6.0100 	 0.00000 	 0.49000
0.42 	 0.47 	 5.7300 	 0.00000 	 0.33000
0.47 	 0.53 	 5.6900 	 0.00000 	 0.21000
0.53 	 0.57 	 5.6700 	 0.00000 	 0.15000
0.57 	 0.62 	 5.6200 	 0.00000 	 0.15000
0.62 	 0.68 	 5.3900 	 0.00000 	 0.09000
0.68 	 0.72 	 5.1800 	 0.00000 	 0.09000
0.72 	 0.78 	 4.9600 	 0.00000 	 0.08000
0.78 	 0.82 	 4.7300 	 0.00000 	 0.03000
0.82 	 0.88 	 4.3600 	 0.00000 	 0.03000
0.88 	 0.93 	 4.0800 	 0.00000 	 0.03000
------------------------
========================
Au+Au 200 GeV
------------------------
pTlow [GeV/c] pThigh [GeV/c] d^2N/(2pi*pt*dpt*dy)[(GeV/c)^-2] error(stat.) error(sys.)
pi+  0-5%
0.23 	 0.28 	 403.0000 	 0.00000 	 12.00000
0.28 	 0.33 	 298.1000 	 0.00000 	 6.00000
0.33 	 0.38 	 232.5000 	 0.00000 	 4.70000
0.38 	 0.42 	 183.9000 	 0.00000 	 1.90000
0.42 	 0.47 	 145.0000 	 0.00000 	 1.50000
0.47 	 0.53 	 113.8000 	 0.00000 	 1.20000
0.53 	 0.57 	 89.9800 	 0.00000 	 0.92000
0.57 	 0.62 	 71.1000 	 0.00000 	 1.40000
0.62 	 0.68 	 56.1000 	 0.00000 	 1.60000
0.68 	 0.72 	 44.3000 	 0.00000 	 1.30000
0.72 	 0.78 	 35.8000 	 0.00000 	 1.40000
------------------------
========================
Au+Au 200 GeV
------------------------
pTlow [GeV/c] pThigh [GeV/c] d^2N/(2pi*pt*dpt*dy)[(GeV/c)^-2] error(stat.) error(sys.)
ka+  0-5%
0.23 	 0.28 	 27.3000 	 0.00000 	 1.90000
0.28 	 0.33 	 25.4200 	 0.00000 	 0.79000
0.33 	 0.38 	 23.8500 	 0.00000 	 0.49000
0.38 	 0.42 	 22.1800 	 0.00000 	 0.66000
0.42 	 0.47 	 20.5000 	 0.00000 	 1.00000
0.47 	 0.53 	 18.1000 	 0.00000 	 2.10000
0.53 	 0.57 	 16.5000 	 0.00000 	 2.00000
0.57 	 0.62 	 14.8000 	 0.00000 	 1.80000
0.62 	 0.68 	 13.1000 	 0.00000 	 1.00000
0.68 	 0.72 	 10.8000 	 0.00000 	 1.10000
------------------------
========================
Au+Au 200 GeV
------------------------
pTlow [GeV/c] pThigh [GeV/c] d^2N/(2pi*pt*dpt*dy)[(GeV/c)^-2] error(stat.) error(sys.)
proton  0-5%
0.42 	 0.47 	 6.4200 	 0.00000 	 0.31000
0.47 	 0.53 	 6.4500 	 0.00000 	 0.25000
0.53 	 0.57 	 6.1800 	 0.00000 	 0.20000
0.57 	 0.62 	 5.9600 	 0.00000 	 0.16000
0.62 	 0.68 	 5.7500 	 0.00000 	 0.13000
0.68 	 0.72 	 5.4400 	 0.00000 	 0.13000
0.72 	 0.78 	 5.0700 	 0.00000 	 0.12000
0.78 	 0.82 	 4.8900 	 0.00000 	 0.11000
0.82 	 0.88 	 4.6700 	 0.00000 	 0.10000
0.88 	 0.93 	 4.4360 	 0.00000 	 0.09500
0.93 	 0.97 	 4.1600 	 0.00000 	 0.13000
0.97 	 1.02 	 3.9500 	 0.00000 	 0.12000
1.02 	 1.07 	 3.6800 	 0.00000 	 0.12000
1.07 	 1.12 	 3.3600 	 0.00000 	 0.11000
1.12 	 1.18 	 3.2400 	 0.00000 	 0.14000
1.18 	 1.23 	 2.8900 	 0.00000 	 0.14000


