Au+Au 7.7 GeV
------------------------
pT[GeV/c] d^2N/(2pi*pt*dpt*dy)[(GeV/c)^-2] error(stat.)
ala  0-5%
0.502	0.04920000	0.008111782
0.7004	0.03347000	0.005243072
0.8991	0.02604000	0.003247106
1.098	0.01807000	0.002349574
1.297	0.01190900	0.001290503
1.4961	0.00771400	0.000776188
1.6949	0.00344200	0.000409078
1.9381	0.00176300	0.000189489
2.2778	0.00042270	0.000064106
2.7144	0.00008020	0.000021181
------------------------
ala  5-10%
0.502	0.03940000	0.007328144
0.7004	0.02837000	0.004192183
0.8991	0.02125000	0.002496177
1.0979	0.01509000	0.001640732
1.2969	0.00946500	0.001035085
1.496	0.00582100	0.000602218
1.6949	0.00275300	0.000333264
1.9378	0.00127400	0.000149375
2.2775	0.00034080	0.000055560
2.7138	0.00006040	0.000017682
------------------------
ala  10-20%
0.502	0.03176000	0.004256994
0.7004	0.02454000	0.002531600
0.8988	0.01888000	0.001567323
1.0976	0.01241800	0.001050419
1.2964	0.00799000	0.000648945
1.4955	0.00379400	0.000344292
1.6943	0.00221900	0.000195000
1.9367	0.00082290	0.000080041
2.2753	0.00017870	0.000027551
2.7104	0.00002620	0.000008289
------------------------
ala  20-30%
0.502	0.02767000	0.003584243
0.7001	0.01838000	0.001970837
0.8984	0.01562400	0.001211637
1.0971	0.00873800	0.000754540
1.2959	0.00504900	0.000427787
1.495	0.00270700	0.000242405
1.694	0.00126300	0.000134614
1.9357	0.00038800	0.000052554
2.2736	0.00008170	0.000019741
2.7078	0.00002050	0.000006803
------------------------
ala  30-40%
0.5016	0.02005000	0.003020762
0.6995	0.01459000	0.001435862
0.8979	0.00894600	0.000802028
1.0965	0.00570100	0.000559072
1.2955	0.00311300	0.000283177
1.4947	0.00155300	0.000157943
1.6939	0.00078460	0.000092347
1.9355	0.00028740	0.000040456
2.2733	0.00004950	0.000013787
2.7073	0.00000695	0.000004393
------------------------
ala  40-60%
0.5003	0.01218000	0.001661836
0.6981	0.00780300	0.000697551
0.8966	0.00471600	0.000382838
1.0955	0.00284000	0.000259625
1.2946	0.00139800	0.000115382
1.4939	0.00065980	0.000068648
1.6931	0.00027660	0.000036312
1.9337	0.00008220	0.000015596
2.2701	0.00001375	0.000005316
2.7024	0.00000296	0.000001517
------------------------
ala  60-80%
0.4993	0.00313600	0.000717513
0.6971	0.00196600	0.000303356
0.8957	0.00104000	0.000156285
1.0946	0.00045540	0.000077064
1.2938	0.00024480	0.000049123
1.4933	0.00011960	0.000029013
1.6929	0.00005010	0.000013500
1.9334	0.00000875	0.000005278
2.2695	0.00000248	0.000001471
------------------------
========================
Au+Au 7.7 GeV
------------------------
pT[GeV/c] d^2N/(2pi*pt*dpt*dy)[(GeV/c)^-2] error(stat.)
la  0-5%
0.5016	4.02800000	0.263433104
0.6997	3.19500000	0.233385946
0.8981	2.20180000	0.102158358
1.097	1.36730000	0.075227920
1.296	0.77830000	0.039275947
1.4953	0.42030000	0.019442736
1.6947	0.21017000	0.010085182
1.8942	0.09980000	0.004935849
2.136	0.03988000	0.002247221
2.4355	0.01254500	0.000750894
2.7738	0.00305000	0.000199903
3.1733	0.00062660	0.000061933
3.6082	0.00009580	0.000016621
------------------------
la  5-10%
0.5016	3.27100000	0.219317122
0.6996	2.49100000	0.184200977
0.8981	1.69290000	0.079500566
1.0969	1.04710000	0.058028011
1.296	0.61740000	0.031706466
1.4952	0.31480000	0.014969302
1.6946	0.16261000	0.007906510
1.8942	0.07685000	0.003859456
2.1359	0.03092000	0.001762328
2.4354	0.00877300	0.000539303
2.7736	0.00242500	0.000163132
3.173	0.00043120	0.000046306
3.6078	0.00008260	0.000014841
------------------------
la  10-20%
0.5013	2.61900000	0.176045449
0.6992	1.88010000	0.090224442
0.8978	1.23630000	0.045756420
1.0966	0.76650000	0.039415987
1.2957	0.42890000	0.018056855
1.4951	0.22242000	0.008425064
1.6945	0.11334000	0.004192684
1.8941	0.05477000	0.002106419
2.1359	0.02113000	0.001125789
2.4354	0.00644000	0.000331388
2.7736	0.00163390	0.000092791
3.173	0.00030470	0.000026273
3.6078	0.00005346	0.000007413
------------------------
la  20-30%
0.501	1.79500000	0.121247680
0.6989	1.26310000	0.061784869
0.8975	0.80060000	0.029920227
1.0963	0.48640000	0.024887145
1.2955	0.26520000	0.011476933
1.4948	0.13504000	0.005232590
1.6943	0.06553000	0.002516684
1.894	0.03166000	0.001217580
2.1356	0.01224400	0.000648693
2.4351	0.00360200	0.000189447
2.7731	0.00086530	0.000053040
3.1725	0.00014920	0.000015876
3.607	0.00002317	0.000004527
------------------------
la  30-40%
0.5006	1.14050000	0.100307976
0.6986	0.76470000	0.043385942
0.8972	0.46740000	0.021651790
1.096	0.28800000	0.016924834
1.2952	0.14659000	0.005333460
1.4946	0.07388000	0.002542833
1.6941	0.03678000	0.001539416
1.8938	0.01618300	0.000810911
2.1351	0.00645000	0.000297042
2.4346	0.00176020	0.000104325
2.7723	0.00043040	0.000029658
3.1717	0.00006906	0.000009852
3.6058	0.00001026	0.000002801
------------------------
la  40-60%
0.4999	0.55390000	0.049020914
0.6979	0.34180000	0.019374468
0.8964	0.21523000	0.010054034
1.0954	0.11460000	0.006690777
1.2946	0.05658000	0.002060097
1.4941	0.02612000	0.000913605
1.6937	0.01262000	0.000525542
1.8934	0.00551700	0.000282908
2.1344	0.00194660	0.000094038
2.4339	0.00052860	0.000034224
2.771	0.00012327	0.000009997
3.1704	0.00001806	0.000003070
3.6038	0.00000261	0.000000934
------------------------
la  60-80%
0.499	0.14600000	0.017827226
0.6968	0.07644000	0.005789344
0.8953	0.04052000	0.002963781
1.0943	0.02000000	0.001485564
1.2936	0.00856600	0.000908644
1.4931	0.00375200	0.000425660
1.6927	0.00146100	0.000145362
1.8924	0.00069000	0.000090298
2.1326	0.00020980	0.000027974
2.4321	0.00004571	0.000008203
2.7678	0.00000655	0.000002379
3.1672	0.00000173	0.000000809
------------------------
========================
Au+Au 11.5 GeV
------------------------
pT[GeV/c] d^2N/(2pi*pt*dpt*dy)[(GeV/c)^-2] error(stat.)
ala  0-5%
0.5018	0.15900000	0.015182227
0.7005	0.11840000	0.011161541
0.8994	0.09415000	0.006771063
1.0982	0.06451000	0.004686971
1.2972	0.03994000	0.002812579
1.4962	0.02480000	0.001605895
1.6945	0.01271100	0.000882181
1.8942	0.00591500	0.000456846
2.1366	0.00261100	0.000211625
2.4361	0.00081180	0.000082302
2.7748	0.00022830	0.000029207
3.1744	0.00003680	0.000010381
3.6098	0.00000968	0.000003710
------------------------
ala  5-10%
0.502	0.12080000	0.013280060
0.7004	0.10262000	0.009675257
0.8992	0.07609000	0.005447871
1.098	0.05085000	0.003780608
1.297	0.03370000	0.002394535
1.496	0.01838400	0.001220683
1.6946	0.00975900	0.000664905
1.8943	0.00455900	0.000362660
2.1368	0.00210500	0.000163466
2.4363	0.00062850	0.000065649
2.7753	0.00017530	0.000024084
3.1748	0.00003285	0.000008792
3.6105	0.00000823	0.000003059
------------------------
ala  10-20%
0.502	0.11759000	0.010268087
0.7002	0.08319000	0.005945965
0.8988	0.06101000	0.003708153
1.0977	0.04093000	0.002711844
1.2966	0.02564000	0.001654630
1.4958	0.01444300	0.000788013
1.6946	0.00722200	0.000398016
1.8943	0.00373200	0.000211625
2.1368	0.00157170	0.000104041
2.4364	0.00051940	0.000038243
2.7753	0.00012800	0.000013036
3.1748	0.00002902	0.000004728
3.6105	0.00000560	0.000001473
------------------------
ala  20-30%
0.5016	0.09508000	0.007880133
0.6996	0.06602000	0.004227115
0.8981	0.04689000	0.002486524
1.097	0.02942000	0.001813422
1.296	0.01655700	0.001009295
1.4953	0.00895300	0.000502359
1.6944	0.00499800	0.000286016
1.8941	0.00218100	0.000134633
2.1363	0.00094720	0.000067241
2.4359	0.00030310	0.000025303
2.7745	0.00006607	0.000008348
3.174	0.00001457	0.000003315
3.6092	0.00000212	0.000000980
------------------------
ala  30-40%
0.5009	0.07222000	0.007213668
0.6989	0.05107000	0.003340734
0.8975	0.03226000	0.001857148
1.0963	0.01913000	0.001292826
1.2955	0.01090400	0.000552883
1.4949	0.00588200	0.000299408
1.6942	0.00251900	0.000150615
1.894	0.00120980	0.000087906
2.1359	0.00057930	0.000037779
2.4355	0.00016810	0.000015677
2.7737	0.00002819	0.000005103
3.1732	0.00001155	0.000002523
3.608	0.00000148	0.000000769
------------------------
ala  40-60%
0.4998	0.04848000	0.004512704
0.6979	0.02733000	0.001726528
0.8965	0.01646700	0.000865150
1.0955	0.00914300	0.000577339
1.2948	0.00484900	0.000222551
1.4943	0.00221990	0.000103011
1.694	0.00101770	0.000057271
1.8937	0.00049240	0.000033072
2.1353	0.00019550	0.000012741
2.4349	0.00005107	0.000005232
2.7727	0.00001238	0.000001898
3.1722	0.00000163	0.000000868
3.6064	0.00000051	0.000000259
------------------------
ala  60-80%
0.4993	0.01406000	0.001788994
0.6971	0.00806200	0.000653670
0.8956	0.00452800	0.000360347
1.0945	0.00214000	0.000177003
1.2937	0.00098200	0.000112699
1.4931	0.00044010	0.000056102
1.6927	0.00018520	0.000022938
1.8924	0.00005572	0.000010296
2.1324	0.00001890	0.000004098
2.4319	0.00000637	0.000001766
2.7674	0.00000066	0.000000534
------------------------
========================
Au+Au 11.5 GeV
------------------------
pT[GeV/c] d^2N/(2pi*pt*dpt*dy)[(GeV/c)^-2] error(stat.)
la  0-5%
0.5018	3.70400000	0.237539470
0.6999	2.79400000	0.200878073
0.8984	2.00190000	0.090484971
1.0973	1.29280000	0.070214101
1.2963	0.77020000	0.038599611
1.4956	0.42110000	0.019578815
1.6951	0.22630000	0.010720541
1.8946	0.10978000	0.005221427
2.1367	0.04818000	0.002670674
2.4363	0.01549400	0.000852635
2.7752	0.00401000	0.000232418
3.1747	0.00092960	0.000063123
3.6103	0.00016140	0.000016170
4.1098	0.00002524	0.000005316
------------------------
la  5-10%
0.5016	3.16000000	0.200032497
0.6996	2.39000000	0.172930622
0.8981	1.61490000	0.073903248
1.097	1.01580000	0.055333625
1.2961	0.60300000	0.030592973
1.4955	0.32870000	0.015400325
1.695	0.17843000	0.008534225
1.8945	0.09249000	0.004419774
2.1366	0.03512000	0.001949205
2.4362	0.01215000	0.000669138
2.775	0.00321800	0.000188311
3.1745	0.00068650	0.000048387
3.61	0.00012380	0.000013103
4.1095	0.00001998	0.000004174
------------------------
la  10-20%
0.5014	2.37800000	0.156540730
0.6994	1.71480000	0.081496319
0.8979	1.18050000	0.042595892
1.0969	0.74370000	0.037724395
1.296	0.42090000	0.017830592
1.4954	0.23639000	0.009142893
1.6949	0.12087000	0.004387995
1.8945	0.06244000	0.002099738
2.1368	0.02568000	0.001307287
2.4364	0.00842500	0.000376431
2.7753	0.00225700	0.000111615
3.1748	0.00050690	0.000029144
3.6105	0.00009550	0.000007529
4.11	0.00001349	0.000002132
------------------------
la  20-30%
0.5009	1.58870000	0.105984999
0.6989	1.18840000	0.056174905
0.8976	0.75300000	0.027446676
1.0965	0.46730000	0.023531468
1.2957	0.26530000	0.011227199
1.4952	0.14275000	0.005518877
1.6947	0.07208000	0.002662424
1.8944	0.03638000	0.001301422
2.1368	0.01475900	0.000749700
2.4363	0.00465600	0.000210381
2.7752	0.00134110	0.000067489
3.1748	0.00030950	0.000018721
3.6104	0.00005528	0.000004866
4.1099	0.00000983	0.000001619
------------------------
la  30-40%
0.5004	1.11930000	0.096636691
0.6985	0.74320000	0.040320962
0.8972	0.46670000	0.021095023
1.0962	0.28130000	0.016101242
1.2955	0.15193000	0.005377658
1.4949	0.08111000	0.002694532
1.6945	0.04138000	0.001576483
1.8942	0.01972400	0.000905312
2.1363	0.00794800	0.000330506
2.4358	0.00243100	0.000118119
2.7743	0.00067810	0.000035585
3.1738	0.00013218	0.000009477
3.6089	0.00002473	0.000003027
4.1085	0.00000400	0.000001038
------------------------
la  40-60%
0.4997	0.53000000	0.045708314
0.6978	0.32640000	0.017697740
0.8965	0.20484000	0.009170780
1.0956	0.11288000	0.006455920
1.295	0.06049000	0.002140841
1.4945	0.02936000	0.000983709
1.6941	0.01464100	0.000564121
1.8939	0.00651800	0.000302790
2.1359	0.00262770	0.000110494
2.4354	0.00083270	0.000041314
2.7737	0.00021158	0.000011645
3.1732	0.00004327	0.000003450
3.608	0.00000486	0.000000845
4.1075	0.00000108	0.000000341
------------------------
la  60-80%
0.4993	0.13440000	0.016096273
0.6972	0.07456000	0.005411663
0.8958	0.04155000	0.002978892
1.0949	0.02073000	0.001511688
1.2942	0.01046000	0.001098818
1.4937	0.00468200	0.000523185
1.6934	0.00210500	0.000197010
1.8931	0.00089300	0.000108522
2.1342	0.00032310	0.000038491
2.4337	0.00009004	0.000010998
2.7706	0.00001738	0.000002655
3.17	0.00000331	0.000000820
3.6032	0.00000049	0.000000228
------------------------
========================
Au+Au 19.6 GeV
------------------------
pT[GeV/c] d^2N/(2pi*pt*dpt*dy)[(GeV/c)^-2] error(stat.)
ala  0-5%
0.502	0.42580000	0.031563587
0.7004	0.33690000	0.016676031
0.8992	0.25620000	0.011717508
1.0981	0.17861000	0.009105059
1.2972	0.11813000	0.005345091
1.4964	0.06870000	0.003373603
1.6957	0.03731000	0.002094803
1.8951	0.01993500	0.000967048
2.1363	0.00893200	0.000489360
2.4362	0.00302300	0.000159214
2.7757	0.00090850	0.000051060
3.1759	0.00018120	0.000015140
3.648	0.00002697	0.000004043
4.3129	0.00000392	0.000001008
------------------------
ala  5-10%
0.502	0.37260000	0.027765446
0.7003	0.28930000	0.015288231
0.899	0.21940000	0.010551303
1.0978	0.15262000	0.008042543
1.297	0.09749000	0.004441464
1.4962	0.05525000	0.002748327
1.6956	0.03000000	0.001751485
1.895	0.01596700	0.000845037
2.1368	0.00689400	0.000393127
2.4367	0.00249900	0.000129692
2.7766	0.00073030	0.000042158
3.1768	0.00017087	0.000013056
3.6498	0.00002915	0.000003476
4.3156	0.00000394	0.000000829
------------------------
ala  10-20%
0.5018	0.31580000	0.016949926
0.7001	0.23150000	0.011768602
0.8987	0.16954000	0.007066612
1.0976	0.11625000	0.004888538
1.2967	0.07144000	0.003381154
1.496	0.04069000	0.001746339
1.6954	0.02230100	0.000997832
1.895	0.01184700	0.000510398
2.1366	0.00507400	0.000250320
2.4365	0.00180150	0.000079964
2.7762	0.00052130	0.000024971
3.1765	0.00012158	0.000007418
3.649	0.00002132	0.000001937
4.3144	0.00000136	0.000000387
------------------------
ala  20-30%
0.5015	0.23500000	0.011401754
0.6996	0.17640000	0.008004955
0.8982	0.12123000	0.004213526
1.0971	0.07990000	0.002957465
1.2963	0.04688000	0.002073692
1.4956	0.02661100	0.001005486
1.6952	0.01388800	0.000596923
1.8948	0.00739900	0.000308650
2.1363	0.00318800	0.000154984
2.4362	0.00106090	0.000048883
2.7757	0.00031640	0.000015560
3.176	0.00007111	0.000004804
3.6481	0.00001041	0.000001199
4.3131	0.00000119	0.000000306
------------------------
ala  30-40%
0.5012	0.17266000	0.009163935
0.6992	0.12503000	0.004348908
0.8979	0.08473000	0.003327011
1.0968	0.05276000	0.002324220
1.2959	0.03049000	0.001460308
1.4953	0.01657600	0.000638815
1.6948	0.00839700	0.000504972
1.8945	0.00426700	0.000168158
2.1358	0.00178470	0.000096265
2.4358	0.00057880	0.000029421
2.7752	0.00016735	0.000009816
3.1757	0.00003775	0.000003076
3.6481	0.00000580	0.000000833
4.3141	0.00000025	0.000000200
------------------------
ala  40-60%
0.5	0.10430000	0.005580224
0.6981	0.06834000	0.002532982
0.8968	0.04277000	0.001707923
1.0959	0.02510000	0.001149826
1.2953	0.01355900	0.000655172
1.4948	0.00682100	0.000268961
1.6944	0.00347800	0.000209093
1.8941	0.00167270	0.000062690
2.1356	0.00065760	0.000035968
2.4356	0.00022150	0.000011799
2.7748	0.00006016	0.000003562
3.1754	0.00001312	0.000001140
3.6475	0.00000146	0.000000304
4.3131	0.00000015	0.000000074
------------------------
ala  60-80%
0.4993	0.03690000	0.002483083
0.6972	0.02168000	0.001369708
0.8959	0.01189900	0.000885581
1.0949	0.00577400	0.000400930
1.2942	0.00291400	0.000246676
1.4937	0.00139300	0.000168074
1.6934	0.00061490	0.000060362
1.8931	0.00026660	0.000023496
2.1348	0.00010240	0.000012681
2.4349	0.00003386	0.000003761
2.7737	0.00000811	0.000001134
3.1743	0.00000132	0.000000364
3.6454	0.00000023	0.000000109
------------------------
========================
Au+Au 19.6 GeV
------------------------
pT[GeV/c] d^2N/(2pi*pt*dpt*dy)[(GeV/c)^-2] error(stat.)
la  0-5%
0.5018	3.06900000	0.155647037
0.7	2.37530000	0.094788396
0.8986	1.73990000	0.057384057
1.0976	1.18020000	0.037884562
1.2967	0.72360000	0.019616320
1.496	0.42180000	0.012980755
1.6955	0.22894000	0.006658115
1.895	0.12050000	0.003359345
2.1367	0.05368000	0.002110735
2.4366	0.01881400	0.000663311
2.7765	0.00563900	0.000218838
3.1767	0.00134910	0.000058756
3.6145	0.00026200	0.000015862
4.1154	0.00004504	0.000004642
4.652	0.00000784	0.000001556
------------------------
la  5-10%
0.5018	2.57200000	0.119268604
0.6999	1.92680000	0.070768355
0.8985	1.38140000	0.039373214
1.0975	0.94570000	0.028832100
1.2966	0.56980000	0.019428073
1.4959	0.33187000	0.008810136
1.6954	0.18108000	0.008130566
1.895	0.09461000	0.004166881
2.1369	0.04213000	0.001443676
2.4367	0.01477800	0.000636306
2.7767	0.00445000	0.000184054
3.1769	0.00110360	0.000053891
3.6148	0.00022540	0.000013396
4.1156	0.00003708	0.000003982
4.6524	0.00000715	0.000001365
------------------------
la  10-20%
0.5014	2.00680000	0.086372507
0.6996	1.48830000	0.059796739
0.8982	1.03950000	0.039014997
1.0972	0.68610000	0.022239604
1.2964	0.41874000	0.010280219
1.4958	0.23472000	0.007467831
1.6953	0.12870000	0.005138580
1.8949	0.06783000	0.001755135
2.137	0.02989000	0.001188697
2.4369	0.01066300	0.000528251
2.7768	0.00326800	0.000118962
3.177	0.00077840	0.000031375
3.615	0.00017188	0.000008640
4.1158	0.00002683	0.000002244
4.6526	0.00000447	0.000000710
------------------------
la  20-30%
0.5011	1.39230000	0.065457849
0.6992	0.98970000	0.033837553
0.8979	0.68410000	0.022046542
1.0969	0.43450000	0.011456003
1.2961	0.25697000	0.006546602
1.4956	0.14419000	0.003848961
1.6952	0.07819000	0.001939407
1.8948	0.04105400	0.001044370
2.1369	0.01786300	0.000598833
2.4368	0.00631500	0.000237775
2.7767	0.00189780	0.000064420
3.177	0.00044870	0.000017099
3.6148	0.00010359	0.000005131
4.1157	0.00001732	0.000001534
4.6525	0.00000280	0.000000496
------------------------
la  30-40%
0.5006	0.89840000	0.046833855
0.6988	0.64230000	0.026224035
0.8975	0.42770000	0.015164762
1.0966	0.25723000	0.008362852
1.2959	0.15224000	0.005273272
1.4954	0.08277000	0.002435775
1.695	0.04470000	0.001250040
1.8947	0.02247800	0.000627331
2.1367	0.00966800	0.000523042
2.4366	0.00347100	0.000137244
2.7766	0.00099800	0.000040093
3.177	0.00025315	0.000011056
3.6153	0.00005458	0.000003232
4.1164	0.00000956	0.000001050
4.6539	0.00000119	0.000000369
------------------------
la  40-60%
0.5	0.45970000	0.033668977
0.6981	0.29750000	0.012445481
0.8969	0.18793000	0.008084516
1.096	0.10913000	0.003103047
1.2954	0.06042000	0.002376973
1.495	0.03196000	0.001141797
1.6947	0.01628800	0.000533720
1.8944	0.00820700	0.000257624
2.1364	0.00348600	0.000130943
2.4364	0.00124240	0.000074318
2.7763	0.00035320	0.000014682
3.1767	0.00008444	0.000004321
3.6148	0.00001790	0.000001201
4.116	0.00000295	0.000000415
4.6533	0.00000068	0.000000137
------------------------
la  60-80%
0.4996	0.12457000	0.007853483
0.6976	0.07439000	0.003621119
0.8962	0.04263000	0.002857429
1.0953	0.02180000	0.001655597
1.2947	0.01127800	0.000645155
1.4942	0.00576500	0.000396353
1.6939	0.00270000	0.000213244
1.8936	0.00125000	0.000114756
2.1356	0.00051380	0.000047920
2.4356	0.00016560	0.000014578
2.7749	0.00004488	0.000004039
3.1754	0.00000911	0.000001094
3.6131	0.00000217	0.000000358
4.1144	0.00000032	0.000000105
4.6513	0.00000010	0.000000049
------------------------
========================
Au+Au 27 GeV
------------------------
pT[GeV/c] d^2N/(2pi*pt*dpt*dy)[(GeV/c)^-2] error(stat.)
ala  0-5%
0.5018	0.58630000	0.036493561
0.7004	0.48290000	0.025103187
0.8993	0.37740000	0.018103315
1.0982	0.26990000	0.013159407
1.2974	0.17629000	0.005920270
1.4966	0.10606000	0.004092004
1.6959	0.06038000	0.002842534
1.8954	0.03307000	0.001953510
2.1372	0.01499500	0.000640166
2.437	0.00555900	0.000295481
2.7771	0.00168250	0.000081201
3.1773	0.00041860	0.000023022
3.6154	0.00008380	0.000006382
4.1162	0.00001513	0.000002098
4.6531	0.00000292	0.000000790
------------------------
ala  5-10%
0.502	0.54130000	0.034660641
0.7004	0.41490000	0.023558650
0.8991	0.31640000	0.015749603
1.0981	0.22340000	0.011923926
1.2972	0.14657000	0.006913697
1.4964	0.08632000	0.003131294
1.6958	0.04924000	0.002430226
1.8953	0.02646600	0.000913066
2.1372	0.01202800	0.000540190
2.437	0.00443200	0.000258312
2.7771	0.00130190	0.000064000
3.1773	0.00032710	0.000018474
3.6155	0.00007456	0.000005357
4.1162	0.00001295	0.000001647
4.6531	0.00000303	0.000000616
------------------------
ala  10-20%
0.5018	0.43650000	0.023145842
0.7002	0.33220000	0.017378723
0.8988	0.25150000	0.011557249
1.0978	0.17222000	0.006334824
1.2969	0.10846000	0.004559923
1.4962	0.06365000	0.002514359
1.6957	0.03571000	0.001451344
1.8952	0.01932600	0.000660161
2.1372	0.00882100	0.000366956
2.437	0.00315200	0.000146250
2.7771	0.00098070	0.000040379
3.1773	0.00024249	0.000011484
3.6155	0.00005425	0.000003126
4.1162	0.00000932	0.000000968
4.6532	0.00000147	0.000000315
------------------------
ala  20-30%
0.5016	0.34510000	0.018476472
0.6997	0.25169000	0.009476735
0.8983	0.18059000	0.006163319
1.0973	0.12044000	0.004942226
1.2965	0.07270000	0.002965535
1.4959	0.04232000	0.001316055
1.6954	0.02310200	0.000863114
1.895	0.01248100	0.000397887
2.1372	0.00551100	0.000259677
2.4371	0.00199200	0.000109882
2.7772	0.00060870	0.000027412
3.1774	0.00015607	0.000007601
3.6156	0.00003331	0.000002150
4.1164	0.00000670	0.000000699
4.6533	0.00000089	0.000000228
------------------------
ala  30-40%
0.5012	0.24360000	0.014294055
0.6993	0.18103000	0.008372837
0.8979	0.12220000	0.004667719
1.097	0.07865000	0.003039161
1.2962	0.04647000	0.001686802
1.4956	0.02676000	0.001098954
1.6952	0.01411500	0.000659710
1.8948	0.00737800	0.000323274
2.1368	0.00325900	0.000156678
2.4367	0.00113500	0.000052149
2.7768	0.00034400	0.000016106
3.1772	0.00008590	0.000004714
3.6156	0.00001956	0.000001394
4.1167	0.00000346	0.000000463
4.6542	0.00000058	0.000000174
------------------------
ala  40-60%
0.5002	0.14403000	0.008699080
0.6982	0.09724000	0.003228003
0.897	0.06336000	0.002236538
1.0962	0.03780000	0.001370876
1.2956	0.02093300	0.000834441
1.4951	0.01131400	0.000513936
1.6947	0.00575200	0.000242720
1.8945	0.00289600	0.000121116
2.1366	0.00124210	0.000056607
2.4365	0.00043170	0.000023152
2.7765	0.00012759	0.000006038
3.1769	0.00003081	0.000001798
3.6151	0.00000722	0.000000553
4.1163	0.00000122	0.000000191
4.6537	0.00000007	0.000000061
------------------------
ala  60-80%
0.4994	0.05246000	0.003091828
0.6974	0.03039000	0.001568949
0.896	0.01671100	0.001002734
1.0951	0.00877600	0.000540937
1.2945	0.00429300	0.000306544
1.494	0.00202400	0.000179067
1.6937	0.00099900	0.000077708
1.8934	0.00047980	0.000047618
2.1357	0.00019200	0.000018919
2.4358	0.00006033	0.000007077
2.7752	0.00001906	0.000001870
3.1757	0.00000375	0.000000515
3.6134	0.00000055	0.000000143
4.1147	0.00000008	0.000000061
------------------------
========================
Au+Au 27 GeV
------------------------
pT[GeV/c] d^2N/(2pi*pt*dpt*dy)[(GeV/c)^-2] error(stat.)
la  0-5%
0.5018	2.69800000	0.143136299
0.7002	2.15800000	0.120507261
0.8988	1.61120000	0.063933872
1.0978	1.11170000	0.038093044
1.2969	0.69580000	0.028006071
1.4962	0.40710000	0.014166157
1.6957	0.23219000	0.008441256
1.8952	0.12354000	0.003697418
2.1371	0.05647000	0.002018539
2.437	0.02065700	0.000870542
2.7769	0.00617300	0.000237508
3.1772	0.00157700	0.000068336
3.6153	0.00032300	0.000016928
4.1161	0.00005962	0.000004734
4.6529	0.00000829	0.000001348
5.3799	0.00000179	0.000000323
------------------------
la  5-10%
0.5018	2.35100000	0.122122889
0.7	1.82160000	0.082456777
0.8986	1.33020000	0.061116446
1.0976	0.89220000	0.031510316
1.2968	0.56520000	0.023847851
1.4961	0.32700000	0.014081193
1.6956	0.18454000	0.005958800
1.8952	0.09969000	0.003360060
2.1373	0.04471000	0.001615333
2.4372	0.01609900	0.000621634
2.7773	0.00515700	0.000195880
3.1775	0.00129250	0.000056065
3.6157	0.00028120	0.000013928
4.1165	0.00004765	0.000003640
4.6535	0.00001003	0.000001271
5.3812	0.00000104	0.000000247
------------------------
la  10-20%
0.5016	1.81120000	0.083674847
0.6997	1.38200000	0.056590547
0.8983	0.99400000	0.035759334
1.0974	0.65400000	0.020886599
1.2966	0.40790000	0.012943724
1.496	0.23643000	0.006487873
1.6955	0.12890000	0.004567549
1.8951	0.07132000	0.001609752
2.1375	0.03187500	0.000894799
2.4373	0.01186700	0.000372543
2.7776	0.00366300	0.000117881
3.1777	0.00096770	0.000034630
3.6161	0.00021072	0.000009168
4.1169	0.00004256	0.000002414
4.6539	0.00000785	0.000000750
5.3822	0.00000087	0.000000152
------------------------
la  20-30%
0.5012	1.28960000	0.055832338
0.6993	0.93870000	0.037499067
0.898	0.65680000	0.015814550
1.0971	0.42730000	0.013146863
1.2963	0.26010000	0.006408885
1.4958	0.14782000	0.003872493
1.6954	0.08037000	0.003057728
1.895	0.04356000	0.001313202
2.1375	0.01977600	0.000640570
2.4373	0.00728700	0.000268496
2.7776	0.00228340	0.000078488
3.1778	0.00060250	0.000023760
3.6161	0.00013630	0.000006240
4.1169	0.00002577	0.000001584
4.6541	0.00000503	0.000000495
5.3824	0.00000031	0.000000097
------------------------
la  30-40%
0.5006	0.86400000	0.051687619
0.6988	0.62040000	0.027605253
0.8976	0.41770000	0.013036104
1.0967	0.25986000	0.009549251
1.296	0.15497000	0.004595835
1.4956	0.08708000	0.003777857
1.6952	0.04710000	0.001378985
1.8949	0.02483700	0.000744852
2.1373	0.01112500	0.000270387
2.4372	0.00409300	0.000156042
2.7775	0.00129100	0.000046043
3.1779	0.00034380	0.000013738
3.6166	0.00007701	0.000003611
4.1177	0.00001494	0.000001051
4.6554	0.00000280	0.000000345
5.3868	0.00000027	0.000000076
------------------------
la  40-60%
0.5001	0.43850000	0.018832153
0.6982	0.29514000	0.009550079
0.897	0.18933000	0.006344777
1.0962	0.11321000	0.004502455
1.2956	0.06393000	0.002345421
1.4952	0.03446000	0.001110180
1.6949	0.01814100	0.000718752
1.8946	0.00934700	0.000380489
2.1372	0.00407200	0.000172467
2.4371	0.00146260	0.000072869
2.7774	0.00045530	0.000020220
3.1777	0.00011952	0.000005416
3.6164	0.00002785	0.000001459
4.1174	0.00000544	0.000000419
4.6551	0.00000087	0.000000136
5.3862	0.00000012	0.000000030
------------------------
la  60-80%
0.4996	0.12243000	0.008141118
0.6977	0.07508000	0.003922270
0.8964	0.04384000	0.002382016
1.0955	0.02346000	0.001339590
1.2948	0.01257900	0.000815060
1.4944	0.00610400	0.000409298
1.6941	0.00300600	0.000204783
1.8939	0.00147100	0.000102840
2.1364	0.00061690	0.000047637
2.4364	0.00021340	0.000018604
2.7762	0.00006477	0.000004859
3.1767	0.00001492	0.000001290
3.6148	0.00000260	0.000000337
4.116	0.00000056	0.000000106
4.6533	0.00000009	0.000000039
5.3821	0.00000001	0.000000009
------------------------
========================
Au+Au 39 GeV
------------------------
pT[GeV/c] d^2N/(2pi*pt*dpt*dy)[(GeV/c)^-2] error(stat.)
ala  0-5%
0.5018	0.81200000	0.100975245
0.7004	0.65220000	0.065309264
0.8993	0.51330000	0.047542928
1.0983	0.37310000	0.032468138
1.2975	0.24860000	0.022706827
1.4967	0.15300000	0.012180723
1.6961	0.08873000	0.007752432
1.8956	0.04845000	0.004088276
2.1376	0.02260000	0.001859731
2.4374	0.00836500	0.000635843
2.7777	0.00264400	0.000214553
3.1779	0.00074120	0.000061386
3.6164	0.00015290	0.000013500
4.1171	0.00002869	0.000003286
4.6543	0.00000430	0.000000875
5.3829	0.00000044	0.000000179
------------------------
ala  5-10%
0.502	0.71870000	0.055990356
0.7003	0.57480000	0.048795492
0.8991	0.44410000	0.035735976
1.098	0.31320000	0.024162781
1.2972	0.20350000	0.014909058
1.4965	0.12293000	0.009713630
1.6959	0.06995000	0.005223150
1.8955	0.03881000	0.002531798
2.1376	0.01841000	0.001438923
2.4374	0.00689300	0.000480426
2.7777	0.00217700	0.000158493
3.1779	0.00054890	0.000041469
3.6163	0.00013172	0.000010295
4.117	0.00002477	0.000002652
4.6542	0.00000418	0.000000741
5.3827	0.00000051	0.000000168
------------------------
ala  10-20%
0.5018	0.59220000	0.042843903
0.7001	0.46140000	0.031418625
0.8988	0.34630000	0.024020200
1.0978	0.24090000	0.017174691
1.297	0.15329000	0.009116123
1.4963	0.09243000	0.006132447
1.6958	0.05167000	0.003438895
1.8954	0.02864000	0.001753853
2.1377	0.01342900	0.000856636
2.4375	0.00508900	0.000357246
2.778	0.00160900	0.000102956
3.1781	0.00043290	0.000028798
3.6166	0.00009641	0.000006916
4.1174	0.00002000	0.000001673
4.6547	0.00000330	0.000000430
5.3837	0.00000062	0.000000108
------------------------
ala  20-30%
0.5016	0.43490000	0.023479566
0.6998	0.33710000	0.016868906
0.8985	0.24590000	0.011261439
1.0975	0.16469000	0.007575645
1.2967	0.10406000	0.004861368
1.4961	0.06094000	0.003016836
1.6956	0.03408000	0.001320038
1.8952	0.01824000	0.001042353
2.1376	0.00839600	0.000397030
2.4375	0.00314100	0.000199970
2.7779	0.00102140	0.000051540
3.1781	0.00025810	0.000013822
3.6166	0.00006125	0.000003589
4.1173	0.00001237	0.000000953
4.6545	0.00000208	0.000000256
5.3834	0.00000020	0.000000059
------------------------
ala  30-40%
0.5011	0.33140000	0.019148107
0.6992	0.23730000	0.009646891
0.8973	0.00503300	0.000260100
2.4373	0.00183300	0.000125603
2.7777	0.00058090	0.000030806
3.178	0.00015365	0.000008858
3.6168	0.00003755	0.000002433
4.1178	0.00000770	0.000000613
4.6557	0.00000117	0.000000172
5.3873	0.00000011	0.000000050
------------------------
ala  40-60%
0.5002	0.18700000	0.013905754
0.6983	0.12661000	0.005369739
0.8972	0.08369000	0.002932883
1.0963	0.05139000	0.002276950
1.2957	0.02908000	0.001091421
1.4953	0.01578200	0.000785266
1.6949	0.00828300	0.000374098
1.8947	0.00431300	0.000255180
2.1372	0.00187500	0.000105546
2.4372	0.00068150	0.000047627
2.7775	0.00021020	0.000011035
3.1779	0.00005618	0.000003231
3.6166	0.00001277	0.000000833
4.1176	0.00000271	0.000000233
4.6553	0.00000057	0.000000083
5.3866	0.00000005	0.000000019
------------------------
ala  60-80%
0.4996	0.06313000	0.003050836
0.6977	0.03966000	0.002149721
0.8963	0.02205000	0.001535741
1.0954	0.01226600	0.000988706
1.2948	0.00621800	0.000571210
1.4943	0.00306800	0.000256798
1.694	0.00153800	0.000134164
1.8938	0.00074070	0.000071000
2.1363	0.00031790	0.000031236
2.4363	0.00010740	0.000013121
2.776	0.00003241	0.000003154
3.1765	0.00000796	0.000000854
3.6145	0.00000129	0.000000202
4.1158	0.00000014	0.000000061
4.653	0.00000004	0.000000026
------------------------
========================
Au+Au 39 GeV
------------------------
pT[GeV/c] d^2N/(2pi*pt*dpt*dy)[(GeV/c)^-2] error(stat.)
la  0-5%
0.5018	2.53000000	0.185334832
0.7001	1.96700000	0.152947704
0.8988	1.47600000	0.131461021
1.0978	1.01840000	0.084026484
1.2971	0.66930000	0.049542911
1.4964	0.40300000	0.031841639
1.6959	0.23040000	0.017791290
1.8955	0.13008000	0.009095548
2.1381	0.06169000	0.004402045
2.4379	0.02362000	0.001660903
2.7786	0.00777500	0.000560897
3.1788	0.00219500	0.000165061
3.6176	0.00052820	0.000041187
4.1183	0.00010865	0.000009725
4.6558	0.00002103	0.000002456
5.3864	0.00000389	0.000000568
------------------------
la  5-10%
0.5018	2.05000000	0.156894869
0.7001	1.62100000	0.128875909
0.8988	1.20800000	0.077397674
1.0978	0.82580000	0.058131575
1.297	0.54010000	0.034258430
1.4964	0.32210000	0.022737854
1.6959	0.18640000	0.012093387
1.8955	0.10450000	0.005706295
2.1381	0.04936000	0.003151793
2.4379	0.01866000	0.001280039
2.7786	0.00615000	0.000437347
3.1788	0.00172400	0.000115918
3.6175	0.00043290	0.000031100
4.1182	0.00008703	0.000006924
4.6558	0.00001659	0.000001789
5.3863	0.00000244	0.000000409
------------------------
la  10-20%
0.5016	1.62000000	0.116249731
0.6999	1.22410000	0.079743652
0.8986	0.91220000	0.052687854
1.0977	0.62890000	0.032798171
1.2969	0.39170000	0.019436564
1.4963	0.23970000	0.011795762
1.6958	0.13622000	0.006328704
1.8954	0.07463000	0.004706634
2.1381	0.03589000	0.002160232
2.438	0.01365200	0.000793892
2.7788	0.00453000	0.000263712
3.179	0.00129930	0.000071563
3.6179	0.00032580	0.000019308
4.1186	0.00006768	0.000004509
4.6564	0.00001515	0.000001207
5.3879	0.00000155	0.000000225
------------------------
la  20-30%
0.5013	1.12350000	0.073021435
0.6995	0.85230000	0.039455925
0.8982	0.60940000	0.029189382
1.0973	0.40720000	0.018201374
1.2966	0.25081000	0.008544782
1.4961	0.15034000	0.006849416
1.6957	0.08535000	0.004009801
1.8953	0.04663000	0.001747484
2.1383	0.02215000	0.001130000
2.4381	0.00846800	0.000373186
2.779	0.00290000	0.000151605
3.1792	0.00082560	0.000039385
3.6183	0.00020720	0.000010632
4.1189	0.00004715	0.000002622
4.6569	0.00000937	0.000000724
5.389	0.00000127	0.000000171
------------------------
la  30-40%
0.5008	0.77700000	0.039244108
0.699	0.56830000	0.031745551
0.8978	0.39160000	0.015533190
1.0969	0.25289000	0.009114395
1.2963	0.15415000	0.005962500
1.4958	0.08874000	0.003170000
1.6955	0.04916000	0.001550806
1.8952	0.02674000	0.001059906
2.1382	0.01247300	0.000556429
2.4381	0.00484700	0.000187243
2.779	0.00161590	0.000064131
3.1793	0.00047780	0.000020344
3.6186	0.00012360	0.000005623
4.1195	0.00002693	0.000001493
4.6579	0.00000581	0.000000501
5.3923	0.00000096	0.000000120
------------------------
la  40-60%
0.5002	0.40380000	0.023186418
0.6983	0.27610000	0.015322206
0.8972	0.17779000	0.007536743
1.0964	0.11097000	0.004365891
1.2958	0.06398000	0.002460000
1.4954	0.03584000	0.001826499
1.6951	0.01909400	0.000766480
1.8949	0.01030500	0.000448974
2.1381	0.00464200	0.000194941
2.438	0.00176980	0.000061593
2.779	0.00059240	0.000028811
3.1793	0.00017573	0.000007854
3.6187	0.00004553	0.000002247
4.1197	0.00000997	0.000000590
4.6582	0.00000235	0.000000190
5.3934	0.00000028	0.000000047
------------------------
la  60-80%
0.4998	0.11794000	0.009107431
0.6979	0.07528000	0.003276339
0.8966	0.04315000	0.003439535
1.0957	0.02434000	0.001773866
1.2951	0.01254900	0.000932472
1.4947	0.00657700	0.000452252
1.6943	0.00336600	0.000266182
1.8941	0.00176000	0.000137674
2.1376	0.00076050	0.000063376
2.4376	0.00027560	0.000028541
2.7783	0.00009270	0.000011427
3.1788	0.00002641	0.000002375
3.618	0.00000593	0.000000587
4.1191	0.00000176	0.000000207
4.6576	0.00000024	0.000000055
5.3925	0.00000004	0.000000015
------------------------
========================
Au+Au 62.4 GeV
------------------------
pT[GeV/c] d^2N/(2pi*pt*dpt*dy)[(GeV/c)^-2] error(stat.)
la	0-5%		
0.7	2.788588	0.343929
0.9	2.283759	0.088779
1.09	1.436462	0.041951
1.29	1.018684	0.029654
1.49	0.623587	0.018702
1.69	0.355339	0.011838
1.89	0.210137	0.008125
2.2	0.081148	0.00076
2.7	0.015359	0.000229
3.19	0.003045	0.000089
3.69	0.000596	0.000035
4.29	0.000089	0.00001
------------------------		
la	5-10%		
0.7	2.31268	0.266926
0.9	1.804337	0.077564
1.09	1.239384	0.044005
1.29	0.826463	0.028711
1.49	0.498908	0.018082
1.69	0.297155	0.011787
1.89	0.154377	0.00692
2.2	0.065926	0.000725
2.7	0.012797	0.000226
3.19	0.002491	0.000084
3.69	0.000527	0.000034
4.29	0.000055	0.000008
------------------------		
la 	10-20%		
0.7	1.69931	0.139046
0.9	1.367031	0.046015
1.09	0.916797	0.025046
1.29	0.572943	0.014834
1.49	0.389076	0.011008
1.69	0.214991	0.006533
1.89	0.123115	0.004372
2.2	0.048619	0.000422
2.7	0.009469	0.000133
3.2	0.001952	0.000051
3.69	0.000363	0.000021
4.29	0.000061	0.000005
------------------------		
la	20-30%		
0.7	1.320435	0.10286
0.9	0.859396	0.032038
1.09	0.613656	0.019667
1.29	0.393655	0.012136
1.49	0.236845	0.007692
1.69	0.140309	0.005055
1.89	0.084764	0.003642
2.2	0.030875	0.000304
2.7	0.006012	0.0001
3.19	0.001309	0.000041
3.69	0.000269	0.000017
4.29	0.000033	0.000004
------------------------		
la	30-40%		
0.7	0.876166	0.073297
0.9	0.58515	0.026107
1.09	0.395711	0.015048
1.29	0.243196	0.008917
1.49	0.14824	0.005802
1.69	0.086203	0.003743
1.89	0.047338	0.002382
2.2	0.018296	0.000215
2.7	0.003734	0.000076
3.19	0.000757	0.00003
3.69	0.000174	0.000014
4.29	0.000023	0.000004
------------------------		
la	40-60%		
0.7	0.433041	0.034016
0.9	0.292254	0.013036
1.09	0.188876	0.007105
1.29	0.11297	0.004088
1.49	0.062334	0.002331
1.69	0.035844	0.001517
1.89	0.018663	0.000886
2.2	0.007694	0.000094
2.7	0.001533	0.000033
3.19	0.000325	0.000013
3.69	0.000078	0.000007
4.28	0.000008	0.000002
------------------------		
la	60-80%		
0.7	0.108018	0.013886
0.9	0.080677	0.006614
1.09	0.048848	0.003428
1.29	0.024851	0.00164
1.49	0.012923	0.000875
1.69	0.007461	0.000594
1.89	0.004192	0.000376
2.2	0.00151	0.000041
2.69	0.000294	0.000014
3.19	0.000068	0.000008
3.69	0.000011	0.000004
------------------------
========================
Au+Au 62.4 GeV
------------------------
pT[GeV/c] d^2N/(2pi*pt*dpt*dy)[(GeV/c)^-2] error(stat.)			
ala	0-5%		
0.7	1.485609	0.192552
0.9	1.226796	0.040159
1.1	0.76509	0.020931
1.29	0.542682	0.013825
1.49	0.327942	0.008702
1.69	0.199088	0.005824
1.89	0.109927	0.003643
2.2	0.043712	0.00063
2.7	0.008784	0.000218
3.2	0.001794	0.000079
3.69	0.000333	0.00003
4.29	0.000032	0.000006
------------------------		
ala	5-10%		
0.7	1.171787	0.123175
0.9	0.923498	0.036188
1.1	0.665446	0.020515
1.29	0.422197	0.012531
1.49	0.266558	0.008584
1.69	0.162292	0.00559
1.89	0.092917	0.003606
2.2	0.036021	0.000632
2.7	0.007163	0.000209
3.2	0.001263	0.000069
3.69	0.000285	0.000033
4.29	0.000049	0.000011
------------------------		
ala	10-20%		
0.7	0.880721	0.065941
0.9	0.715293	0.021576
1.1	0.490562	0.011743
1.29	0.319665	0.00734
1.49	0.200102	0.004834
1.69	0.118775	0.003127
1.89	0.066462	0.002011
2.2	0.026561	0.000366
2.7	0.005378	0.000125
3.2	0.001072	0.000045
3.69	0.000225	0.000018
4.29	0.000031	0.000005
------------------------		
ala	20-30%		
0.7	0.573366	0.041221
0.9	0.459985	0.014836
1.1	0.339898	0.009516
1.29	0.216837	0.005886
1.49	0.132446	0.003691
1.69	0.080093	0.002518
1.89	0.044324	0.00157
2.2	0.017304	0.000274
2.7	0.003343	0.000091
3.2	0.000719	0.000037
3.69	0.000139	0.000013
4.29	0.00002	0.000004
------------------------		
ala	30-40%		
0.7	0.462242	0.032194
0.9	0.337407	0.01337
1.09	0.222445	0.007338
1.29	0.141128	0.004572
1.49	0.083686	0.002826
1.69	0.047488	0.001741
1.89	0.027433	0.001158
2.2	0.010313	0.000207
2.7	0.001974	0.000066
3.19	0.000395	0.000025
3.69	0.000093	0.000012
4.28	0.00001	0.000004
------------------------		
ala	40-60%		
0.7	0.264033	0.017911
0.9	0.165983	0.006292
1.09	0.109091	0.003614
1.29	0.067038	0.002189
1.49	0.036349	0.001177
1.69	0.020301	0.000721
1.89	0.010752	0.00044
2.2	0.004353	0.000089
2.69	0.000834	0.00003
3.19	0.000179	0.000012
3.69	0.00004	0.000006
4.28	0.000006	0.000002
------------------------		
ala	60-80%		
0.7	0.09015	0.011087
0.9	0.044152	0.002937
1.09	0.026892	0.00159
1.29	0.015716	0.000913
1.49	0.008336	0.000521
1.69	0.00478	0.000334
1.89	0.002635	0.00022
2.19	0.000887	0.000037
2.69	0.000152	0.000012
3.19	0.000035	0.000006
------------------------
========================
Au+Au 130 GeV
------------------------
pT[GeV/c] d^2N/(2pi*pt*dpt*dy)[(GeV/c)^-2] error(stat.)	
la	0-5%		
0.5	3.73	0.65
0.7	2.53	0.27
0.9	1.99	0.12
1.1	1.567	0.057
1.3	1.019	0.047
1.5	0.661	0.042
1.7	0.428	0.034
1.9	0.249	0.021
2.1	0.133	0.015
2.3	0.083	0.01
------------------------		
la	5-10%		
0.5	3.07	0.56
0.7	1.93	0.21
0.9	1.59	0.1
1.1	1.146	0.047
1.3	0.792	0.039
1.5	0.536	0.036
1.7	0.333	0.028
1.9	0.199	0.018
2.1	0.109	0.013
2.3	0.069	0.0088
------------------------		
la	10-20%		
0.5	2.24	0.39
0.7	1.67	0.18
0.9	1.278	0.076
1.1	0.9	0.032
1.3	0.574	0.026
1.5	0.411	0.026
1.7	0.248	0.02
1.9	0.16	0.014
2.1	0.094	0.011
2.3	0.0528	0.0064
------------------------		
la	20-35%		
0.5	1.49	0.27
0.7	0.97	0.11
0.9	0.734	0.047
1.1	0.513	0.022
1.3	0.359	0.018
1.5	0.226	0.016
1.7	0.142	0.012
1.9	0.0794	0.0073
2.1	0.0435	0.0054
2.3	0.0272	0.0036
------------------------		
la	35-75%		
0.5	0.487	0.089
0.7	0.316	0.036
0.9	0.21	0.014
1.1	0.1347	0.0061
1.3	0.0861	0.0047
1.5	0.0519	0.0037
1.7	0.0286	0.0026
1.9	0.0154	0.0015
2.1	0.0094	0.0013
2.3	0.00431	0.00068
------------------------
========================
Au+Au 130 GeV
------------------------
pT[GeV/c] d^2N/(2pi*pt*dpt*dy)[(GeV/c)^-2] error(stat.)			
ala	0-5%		
0.5	2.19	0.39
0.7	1.79	0.2
0.9	1.395	0.085
1.1	1.097	0.042
1.3	0.748	0.036
1.5	0.488	0.032
1.7	0.311	0.026
1.9	0.196	0.017
2.1	0.109	0.013
2.3	0.0672	0.0083
------------------------		
ala	5-10%		
0.5	1.67	0.31
0.7	1.38	0.15
0.9	1.133	0.073
1.1	0.859	0.037
1.3	0.654	0.034
1.5	0.376	0.026
1.7	0.259	0.022
1.9	0.146	0.013
2.1	0.085	0.011
2.3	0.0517	0.0068
------------------------		
ala	10-20%		
0.5	1.57	0.28
0.7	1.27	0.14
0.9	0.932	0.058
1.1	0.631	0.025
1.3	0.48	0.023
1.5	0.29	0.019
1.7	0.191	0.016
1.9	0.113	0.01
2.1	0.0679	0.008
2.3	0.0413	0.0051
------------------------		
ala	20-35%		
0.5	1.3	0.24
0.7	0.77	0.08
0.9	0.565	0.038
1.1	0.402	0.019
1.3	0.273	0.015
1.5	0.152	0.011
1.7	0.103	0.009
1.9	0.0606	0.0059
2.1	0.0327	0.0042
2.3	0.0184	0.0026
------------------------		
ala	35-75%		
0.5	0.333	0.063
0.7	0.247	0.029
0.9	0.163	0.011
1.1	0.107	0.0053
1.3	0.0705	0.0041
1.5	0.0418	0.0032
1.7	0.022	0.0021
1.9	0.0125	0.0013
2.1	0.0064	0.0009
2.3	0.00483	0.00074
------------------------
========================
Au+Au 200 GeV
------------------------
pT[GeV/c] d^2N/(2pi*pt*dpt*dy)[(GeV/c)^-2] error(stat.)
la	0-5%	
0.65	2.83599	0.33435
0.75	2.3964	0.247236
0.9	1.83184	0.160367
1.1	1.44632	0.124649
1.3	1.1152	0.096413
1.5	0.736476	0.0617669
1.7	0.433343	0.0366523
1.9	0.27969	0.0240648
2.1	0.163797	0.0159121
2.3	0.09883	0.00989397
2.5	0.055582	0.00515282
2.7	0.032521	0.00306859
2.9	0.01885	0.00309127
3.175	0.00861539	0.00141612
3.575	0.0030704	0.0004996
4.1	0.0007254	0.0001213
4.75	0.0001294	0.0000226
------------------------		
la	10-20%	
0.65	1.80199	0.177967
0.75	1.50201	0.138122
0.9	1.17181	0.0990205
1.1	0.894054	0.0745711
1.3	0.652226	0.0543879
1.5	0.435295	0.0358408
1.7	0.26549	0.0219856
1.9	0.1461	0.0122123
2.1	0.094547	0.008915
2.3	0.056353	0.00541004
2.5	0.032926	0.00303251
2.7	0.02002	0.00186724
2.9	0.01064	0.00173409
3.175	0.0053000	0.0008643
3.575	0.0019134	0.0003110
4.1	0.0004684	0.0000780
4.75	0.0001087	0.0000188
------------------------		
la	20-40%	
0.65	0.967984	0.0891251
0.75	0.956233	0.0845831
0.9	0.680232	0.0565133
1.1	0.484186	0.0398945
1.3	0.349551	0.0287981
1.5	0.223801	0.0182878
1.7	0.144321	0.0118499
1.9	0.0796466	0.00659499
2.1	0.0501193	0.004681
2.3	0.0278857	0.00263996
2.5	0.016321	0.0015026
2.7	0.0098415	0.000917413
2.9	0.00573908	0.00093474
3.175	0.00274629	0.000447936
3.575	0.0010497	0.0001715
4.1	0.0002763	0.0000465
4.75	0.0000589	0.0000108
------------------------		
la	40-60%	
0.65	0.459629	0.0448784
0.75	0.389864	0.0361806
0.9	0.295241	0.0254226
1.1	0.199909	0.0170767
1.3	0.114799	0.00978099
1.5	0.0812839	0.00684239
1.7	0.0457419	0.00389331
1.9	0.0272165	0.00236065
2.1	0.0167704	0.00165684
2.3	0.0099343	0.00101152
2.5	0.00559898	0.000534813
2.7	0.0034574	0.00034003
2.9	0.00207583	0.000347349
3.175	0.000982	0.000165536
3.575	0.0004134	0.0000705
4.1	0.0001296	0.0000229
4.75	0.0000354	0.0000067
------------------------		
la	60-80%	
0.65	0.168534	0.0208304
0.75	0.143039	0.0161363
0.9	0.082781	0.00787756
1.1	0.0542705	0.00504905
1.3	0.0333924	0.00317665
1.5	0.0199942	0.00183791
1.7	0.0121928	0.00115109
1.9	0.006456	0.000650213
2.1	0.00414492	0.000474507
2.3	0.00219189	0.000270842
2.5	0.00163805	0.000176904
2.7	0.0008338	0.0000992
2.9	0.0006130	0.0001142
3.175	0.0002412	0.0000446
3.575	0.0000724	0.0000151
4.1	0.0000384	0.0000078
4.75	0.0000097	0.0000023
------------------------
========================
Au+Au 200 GeV
------------------------
pT[GeV/c] d^2N/(2pi*pt*dpt*dy)[(GeV/c)^-2] error(stat.)	
ala	0-5%	
0.65	2.30784	0.286095
0.75	1.766	0.188539
0.9	1.36499	0.120462
1.1	1.08357	0.0938185
1.3	0.848352	0.0735614
1.5	0.555214	0.0465812
1.7	0.3298	0.0279053
1.9	0.213435	0.0183726
2.1	0.126735	0.0123168
2.3	0.0768405	0.007697
2.5	0.0419265	0.00389162
2.7	0.026	0.00245634
2.9	0.0151173	0.00248069
3.175	0.00665018	0.00109393
3.575	0.0023338	0.0003805
4.1	0.0005498	0.0000924
4.75	0.0001000	0.0000178
------------------------		
ala	10-20%	
0.65	1.44548	0.148717
0.75	1.16658	0.108518
0.9	0.856323	0.07283
1.1	0.692687	0.0580459
1.3	0.509114	0.0426063
1.5	0.329548	0.0271531
1.7	0.204497	0.0169474
1.9	0.115229	0.00963922
2.1	0.0724365	0.00683686
2.3	0.0431785	0.00415043
2.5	0.0244941	0.00226161
2.7	0.0162976	0.00152274
2.9	0.00858225	0.00140002
3.175	0.00410936	0.000671093
3.575	0.0015041	0.0002452
4.1	0.0003642	0.0000610
4.75	0.0000699	0.0000126
------------------------		
ala	20-40%	
0.65	0.857878	0.080983
0.75	0.758041	0.0679262
0.9	0.519982	0.0434115
1.1	0.372642	0.0307878
1.3	0.274312	0.0226465
1.5	0.176912	0.0144674
1.7	0.1064	0.0087491
1.9	0.0651557	0.00540105
2.1	0.0395817	0.00370268
2.3	0.0226509	0.00214824
2.5	0.013194	0.00121777
2.7	0.008162	0.000763733
2.9	0.0048427	0.000790124
3.175	0.0022617	0.000369619
3.575	0.00082609	0.000135524
4.1	0.0002479	0.0000419
4.75	0.0000376	0.0000074
------------------------		
ala	40-60%	
0.65	0.374418	0.0380656
0.75	0.32862	0.0313562
0.9	0.231972	0.0201658
1.1	0.159802	0.0137473
1.3	0.0950795	0.00814895
1.5	0.0634916	0.00536586
1.7	0.03534	0.00302291
1.9	0.02136	0.00186414
2.1	0.013277	0.00131964
2.3	0.0073926	0.000760725
2.5	0.00446449	0.000432489
2.7	0.002935	0.00029013
2.9	0.0019006	0.000317999
3.175	0.00085357	0.000144579
3.575	0.0003212	0.0000562
4.1	0.0001027	0.0000185
4.75	0.0000294	0.0000058
------------------------		
ala	60-80%	
0.65	0.150855	0.0202011
0.75	0.118582	0.0139428
0.9	0.0694138	0.0067412
1.1	0.0480208	0.00454884
1.3	0.0287427	0.00276352
1.5	0.015315	0.00141107
1.7	0.009046	0.000865643
1.9	0.005468	0.000555258
2.1	0.0035348	0.000407654
2.3	0.002024	0.000249621
2.5	0.0012	0.00013092
2.7	0.0006240	0.0000769
2.9	0.0003805	0.0000750
3.175	0.0001799	0.0000341
3.575	0.0000759	0.0000154
4.1	0.0000390	0.0000078
4.75	0.0000046	0.0000017
