========================
Au+Au 130 GeV
------------------------
pT[GeV/c] d^2N/(2pi*pt*dpt*dy)[(GeV/c)^-2] error(stat.)	
la	0-5%		
0.5	3.73	0.65
0.7	2.53	0.27
0.9	1.99	0.12
1.1	1.567	0.057
1.3	1.019	0.047
1.5	0.661	0.042
1.7	0.428	0.034
1.9	0.249	0.021
2.1	0.133	0.015
2.3	0.083	0.01
------------------------		
la	5-10%		
0.5	3.07	0.56
0.7	1.93	0.21
0.9	1.59	0.1
1.1	1.146	0.047
1.3	0.792	0.039
1.5	0.536	0.036
1.7	0.333	0.028
1.9	0.199	0.018
2.1	0.109	0.013
2.3	0.069	0.0088
------------------------		
la	10-20%		
0.5	2.24	0.39
0.7	1.67	0.18
0.9	1.278	0.076
1.1	0.9	0.032
1.3	0.574	0.026
1.5	0.411	0.026
1.7	0.248	0.02
1.9	0.16	0.014
2.1	0.094	0.011
2.3	0.0528	0.0064
------------------------		
la	20-35%		
0.5	1.49	0.27
0.7	0.97	0.11
0.9	0.734	0.047
1.1	0.513	0.022
1.3	0.359	0.018
1.5	0.226	0.016
1.7	0.142	0.012
1.9	0.0794	0.0073
2.1	0.0435	0.0054
2.3	0.0272	0.0036
------------------------		
la	35-75%		
0.5	0.487	0.089
0.7	0.316	0.036
0.9	0.21	0.014
1.1	0.1347	0.0061
1.3	0.0861	0.0047
1.5	0.0519	0.0037
1.7	0.0286	0.0026
1.9	0.0154	0.0015
2.1	0.0094	0.0013
2.3	0.00431	0.00068
------------------------
========================
Au+Au 130 GeV
------------------------
pT[GeV/c] d^2N/(2pi*pt*dpt*dy)[(GeV/c)^-2] error(stat.)			
ala	0-5%		
0.5	2.19	0.39
0.7	1.79	0.2
0.9	1.395	0.085
1.1	1.097	0.042
1.3	0.748	0.036
1.5	0.488	0.032
1.7	0.311	0.026
1.9	0.196	0.017
2.1	0.109	0.013
2.3	0.0672	0.0083
------------------------		
ala	5-10%		
0.5	1.67	0.31
0.7	1.38	0.15
0.9	1.133	0.073
1.1	0.859	0.037
1.3	0.654	0.034
1.5	0.376	0.026
1.7	0.259	0.022
1.9	0.146	0.013
2.1	0.085	0.011
2.3	0.0517	0.0068
------------------------		
ala	10-20%		
0.5	1.57	0.28
0.7	1.27	0.14
0.9	0.932	0.058
1.1	0.631	0.025
1.3	0.48	0.023
1.5	0.29	0.019
1.7	0.191	0.016
1.9	0.113	0.01
2.1	0.0679	0.008
2.3	0.0413	0.0051
------------------------		
ala	20-35%		
0.5	1.3	0.24
0.7	0.77	0.08
0.9	0.565	0.038
1.1	0.402	0.019
1.3	0.273	0.015
1.5	0.152	0.011
1.7	0.103	0.009
1.9	0.0606	0.0059
2.1	0.0327	0.0042
2.3	0.0184	0.0026
------------------------		
ala	35-75%		
0.5	0.333	0.063
0.7	0.247	0.029
0.9	0.163	0.011
1.1	0.107	0.0053
1.3	0.0705	0.0041
1.5	0.0418	0.0032
1.7	0.022	0.0021
1.9	0.0125	0.0013
2.1	0.0064	0.0009
2.3	0.00483	0.00074
------------------------
========================
Au+Au 200 Gev
------------------------		
pT[GeV/c] d^2N/(2pi*pt*dpt*dy)[(GeV/c)^-2] error(stat.)	
la	0-5%	
0.65	2.83599	0.33435
0.75	2.3964	0.247236
0.9	1.83184	0.160367
1.1	1.44632	0.124649
1.3	1.1152	0.096413
1.5	0.736476	0.0617669
1.7	0.433343	0.0366523
1.9	0.27969	0.0240648
2.1	0.163797	0.0159121
2.3	0.09883	0.00989397
2.5	0.055582	0.00515282
2.7	0.032521	0.00306859
2.9	0.01885	0.00309127
3.175	0.00861539	0.00141612
3.575	0.0030704	0.0004996
4.1	0.0007254	0.0001213
4.75	0.0001294	0.0000226
------------------------		
la	10-20%	
0.65	1.80199	0.177967
0.75	1.50201	0.138122
0.9	1.17181	0.0990205
1.1	0.894054	0.0745711
1.3	0.652226	0.0543879
1.5	0.435295	0.0358408
1.7	0.26549	0.0219856
1.9	0.1461	0.0122123
2.1	0.094547	0.008915
2.3	0.056353	0.00541004
2.5	0.032926	0.00303251
2.7	0.02002	0.00186724
2.9	0.01064	0.00173409
3.175	0.0053000	0.0008643
3.575	0.0019134	0.0003110
4.1	0.0004684	0.0000780
4.75	0.0001087	0.0000188
------------------------		
la	20-40%	
0.65	0.967984	0.0891251
0.75	0.956233	0.0845831
0.9	0.680232	0.0565133
1.1	0.484186	0.0398945
1.3	0.349551	0.0287981
1.5	0.223801	0.0182878
1.7	0.144321	0.0118499
1.9	0.0796466	0.00659499
2.1	0.0501193	0.004681
2.3	0.0278857	0.00263996
2.5	0.016321	0.0015026
2.7	0.0098415	0.000917413
2.9	0.00573908	0.00093474
3.175	0.00274629	0.000447936
3.575	0.0010497	0.0001715
4.1	0.0002763	0.0000465
4.75	0.0000589	0.0000108
------------------------		
la	40-60%	
0.65	0.459629	0.0448784
0.75	0.389864	0.0361806
0.9	0.295241	0.0254226
1.1	0.199909	0.0170767
1.3	0.114799	0.00978099
1.5	0.0812839	0.00684239
1.7	0.0457419	0.00389331
1.9	0.0272165	0.00236065
2.1	0.0167704	0.00165684
2.3	0.0099343	0.00101152
2.5	0.00559898	0.000534813
2.7	0.0034574	0.00034003
2.9	0.00207583	0.000347349
3.175	0.000982	0.000165536
3.575	0.0004134	0.0000705
4.1	0.0001296	0.0000229
4.75	0.0000354	0.0000067
------------------------		
la	60-80%	
0.65	0.168534	0.0208304
0.75	0.143039	0.0161363
0.9	0.082781	0.00787756
1.1	0.0542705	0.00504905
1.3	0.0333924	0.00317665
1.5	0.0199942	0.00183791
1.7	0.0121928	0.00115109
1.9	0.006456	0.000650213
2.1	0.00414492	0.000474507
2.3	0.00219189	0.000270842
2.5	0.00163805	0.000176904
2.7	0.0008338	0.0000992
2.9	0.0006130	0.0001142
3.175	0.0002412	0.0000446
3.575	0.0000724	0.0000151
4.1	0.0000384	0.0000078
4.75	0.0000097	0.0000023
------------------------
========================
Au+Au 200 Gev
------------------------		
pT[GeV/c] d^2N/(2pi*pt*dpt*dy)[(GeV/c)^-2] error(stat.)	
ala	0-5%	
0.65	2.30784	0.286095
0.75	1.766	0.188539
0.9	1.36499	0.120462
1.1	1.08357	0.0938185
1.3	0.848352	0.0735614
1.5	0.555214	0.0465812
1.7	0.3298	0.0279053
1.9	0.213435	0.0183726
2.1	0.126735	0.0123168
2.3	0.0768405	0.007697
2.5	0.0419265	0.00389162
2.7	0.026	0.00245634
2.9	0.0151173	0.00248069
3.175	0.00665018	0.00109393
3.575	0.0023338	0.0003805
4.1	0.0005498	0.0000924
4.75	0.0001000	0.0000178
------------------------		
ala	10-20%	
0.65	1.44548	0.148717
0.75	1.16658	0.108518
0.9	0.856323	0.07283
1.1	0.692687	0.0580459
1.3	0.509114	0.0426063
1.5	0.329548	0.0271531
1.7	0.204497	0.0169474
1.9	0.115229	0.00963922
2.1	0.0724365	0.00683686
2.3	0.0431785	0.00415043
2.5	0.0244941	0.00226161
2.7	0.0162976	0.00152274
2.9	0.00858225	0.00140002
3.175	0.00410936	0.000671093
3.575	0.0015041	0.0002452
4.1	0.0003642	0.0000610
4.75	0.0000699	0.0000126
------------------------		
ala	20-40%	
0.65	0.857878	0.080983
0.75	0.758041	0.0679262
0.9	0.519982	0.0434115
1.1	0.372642	0.0307878
1.3	0.274312	0.0226465
1.5	0.176912	0.0144674
1.7	0.1064	0.0087491
1.9	0.0651557	0.00540105
2.1	0.0395817	0.00370268
2.3	0.0226509	0.00214824
2.5	0.013194	0.00121777
2.7	0.008162	0.000763733
2.9	0.0048427	0.000790124
3.175	0.0022617	0.000369619
3.575	0.00082609	0.000135524
4.1	0.0002479	0.0000419
4.75	0.0000376	0.0000074
------------------------		
ala	40-60%	
0.65	0.374418	0.0380656
0.75	0.32862	0.0313562
0.9	0.231972	0.0201658
1.1	0.159802	0.0137473
1.3	0.0950795	0.00814895
1.5	0.0634916	0.00536586
1.7	0.03534	0.00302291
1.9	0.02136	0.00186414
2.1	0.013277	0.00131964
2.3	0.0073926	0.000760725
2.5	0.00446449	0.000432489
2.7	0.002935	0.00029013
2.9	0.0019006	0.000317999
3.175	0.00085357	0.000144579
3.575	0.0003212	0.0000562
4.1	0.0001027	0.0000185
4.75	0.0000294	0.0000058
------------------------		
ala	60-80%	
0.65	0.150855	0.0202011
0.75	0.118582	0.0139428
0.9	0.0694138	0.0067412
1.1	0.0480208	0.00454884
1.3	0.0287427	0.00276352
1.5	0.015315	0.00141107
1.7	0.009046	0.000865643
1.9	0.005468	0.000555258
2.1	0.0035348	0.000407654
2.3	0.002024	0.000249621
2.5	0.0012	0.00013092
2.7	0.0006240	0.0000769
2.9	0.0003805	0.0000750
3.175	0.0001799	0.0000341
3.575	0.0000759	0.0000154
4.1	0.0000390	0.0000078
4.75	0.0000046	0.0000017
