Au+Au 130 GeV
------------------------
pTlow [GeV/c] pThigh [GeV/c] d^2N/(2pi*pt*dpt*dy)[(GeV/c)^-2] error(stat.) error(sys.)
pi+  0-6%
0.23 	 0.28 	 362.8691 	 0.00000 	 7.81417
0.28 	 0.33 	 275.0515 	 0.00000 	 5.70672
0.33 	 0.38 	 209.8039 	 0.00000 	 2.39715
0.38 	 0.42 	 160.3239 	 0.00000 	 1.83359
0.42 	 0.47 	 124.5709 	 0.00000 	 1.48022
0.47 	 0.53 	 96.9626 	 0.00000 	 1.14217
0.53 	 0.57 	 76.6678 	 0.00000 	 1.54240
0.57 	 0.62 	 59.4120 	 0.00000 	 1.77740
0.62 	 0.68 	 47.1458 	 0.00000 	 1.42461
0.68 	 0.72 	 36.8889 	 0.00000 	 0.41540
------------------------
pi+  6-11%
0.23 	 0.28 	 300.7492 	 0.00000 	 9.06105
0.28 	 0.33 	 227.2276 	 0.00000 	 5.75252
0.33 	 0.38 	 180.3426 	 0.00000 	 3.23502
0.38 	 0.42 	 131.3251 	 0.00000 	 2.68614
0.42 	 0.47 	 97.6490 	 0.00000 	 2.30649
0.47 	 0.53 	 79.4493 	 0.00000 	 1.63504
0.53 	 0.57 	 62.8532 	 0.00000 	 1.65118
0.57 	 0.62 	 47.0515 	 0.00000 	 1.66183
0.62 	 0.68 	 38.3304 	 0.00000 	 1.42004
0.68 	 0.72 	 29.8344 	 0.00000 	 1.13460
------------------------
pi+  11-18%
0.23 	 0.28 	 249.3170 	 0.00000 	 6.05475
0.28 	 0.33 	 185.7536 	 0.00000 	 4.32707
0.33 	 0.38 	 141.1362 	 0.00000 	 2.17375
0.38 	 0.42 	 110.6187 	 0.00000 	 1.73197
0.42 	 0.47 	 83.1010 	 0.00000 	 1.45906
0.47 	 0.53 	 63.9270 	 0.00000 	 1.08198
0.53 	 0.57 	 50.3104 	 0.00000 	 1.10847
0.57 	 0.62 	 39.0484 	 0.00000 	 1.22357
0.62 	 0.68 	 31.3944 	 0.00000 	 1.01685
0.68 	 0.72 	 24.3695 	 0.00000 	 0.62477
------------------------
pi+  18-26%
0.23 	 0.28 	 185.2879 	 0.00000 	 4.78981
0.28 	 0.33 	 142.8822 	 0.00000 	 3.38574
0.33 	 0.38 	 107.7012 	 0.00000 	 1.73758
0.38 	 0.42 	 82.5235 	 0.00000 	 1.39930
0.42 	 0.47 	 62.6156 	 0.00000 	 1.08710
0.47 	 0.53 	 48.9262 	 0.00000 	 0.88635
0.53 	 0.57 	 37.1217 	 0.00000 	 0.85216
0.57 	 0.62 	 29.0335 	 0.00000 	 0.91827
0.62 	 0.68 	 22.9476 	 0.00000 	 0.75370
0.68 	 0.72 	 17.7469 	 0.00000 	 0.45439
------------------------
pi+  26-34%
0.23 	 0.28 	 144.0231 	 0.00000 	 3.81069
0.28 	 0.33 	 105.0629 	 0.00000 	 2.62846
0.33 	 0.38 	 78.2094 	 0.00000 	 1.37683
0.38 	 0.42 	 60.5863 	 0.00000 	 1.09999
0.42 	 0.47 	 45.7309 	 0.00000 	 0.91344
0.47 	 0.53 	 36.8347 	 0.00000 	 0.72786
0.53 	 0.57 	 26.7597 	 0.00000 	 0.64753
0.57 	 0.62 	 21.5241 	 0.00000 	 0.69502
0.62 	 0.68 	 16.5048 	 0.00000 	 0.56600
0.68 	 0.72 	 12.9193 	 0.00000 	 0.36096
------------------------
pi+  34-45%
0.23 	 0.28 	 98.2406 	 0.00000 	 2.69611
0.28 	 0.33 	 75.9571 	 0.00000 	 1.84922
0.33 	 0.38 	 56.5918 	 0.00000 	 0.98150
0.38 	 0.42 	 42.0527 	 0.00000 	 0.77020
0.42 	 0.47 	 31.4147 	 0.00000 	 0.60817
0.47 	 0.53 	 24.0100 	 0.00000 	 0.49143
0.53 	 0.57 	 19.2091 	 0.00000 	 0.45263
0.57 	 0.62 	 14.6550 	 0.00000 	 0.46630
0.62 	 0.68 	 11.2115 	 0.00000 	 0.37651
0.68 	 0.72 	 8.8250 	 0.00000 	 0.23181
------------------------
pi+  45-58%
0.23 	 0.28 	 59.6194 	 0.00000 	 1.81550
0.28 	 0.33 	 44.3373 	 0.00000 	 1.17511
0.33 	 0.38 	 33.4631 	 0.00000 	 0.64718
0.38 	 0.42 	 25.9589 	 0.00000 	 0.52580
0.42 	 0.47 	 18.4906 	 0.00000 	 0.40883
0.47 	 0.53 	 13.9384 	 0.00000 	 0.32624
0.53 	 0.57 	 10.6668 	 0.00000 	 0.28120
0.57 	 0.62 	 8.3696 	 0.00000 	 0.28340
0.62 	 0.68 	 6.3762 	 0.00000 	 0.23013
0.68 	 0.72 	 4.8731 	 0.00000 	 0.17539
------------------------
pi+  58-85%
0.23 	 0.28 	 23.0646 	 0.00000 	 0.67153
0.28 	 0.33 	 17.4776 	 0.00000 	 0.48031
0.33 	 0.38 	 12.9266 	 0.00000 	 0.27959
0.38 	 0.42 	 9.7575 	 0.00000 	 0.22338
0.42 	 0.47 	 6.9675 	 0.00000 	 0.17192
0.47 	 0.53 	 5.0134 	 0.00000 	 0.13516
0.53 	 0.57 	 4.0446 	 0.00000 	 0.11730
0.57 	 0.62 	 2.8635 	 0.00000 	 0.10678
0.62 	 0.68 	 2.3875 	 0.00000 	 0.09379
0.68 	 0.72 	 1.8844 	 0.00000 	 0.06739
------------------------
========================
Au+Au 130 GeV
------------------------
pTlow [GeV/c] pThigh [GeV/c] d^2N/(2pi*pt*dpt*dy)[(GeV/c)^-2] error(stat.) error(sys.)
pi-  0-6%
0.23 	 0.28 	 370.7696 	 0.00000 	 7.84413
0.28 	 0.33 	 277.2888 	 0.00000 	 5.76582
0.33 	 0.38 	 212.5886 	 0.00000 	 2.42110
0.38 	 0.42 	 162.4912 	 0.00000 	 1.86815
0.42 	 0.47 	 123.6612 	 0.00000 	 1.46652
0.47 	 0.53 	 97.5851 	 0.00000 	 1.14736
0.53 	 0.57 	 75.7444 	 0.00000 	 1.52328
0.57 	 0.62 	 59.5405 	 0.00000 	 1.78129
0.62 	 0.68 	 46.6209 	 0.00000 	 1.40776
0.68 	 0.72 	 37.5769 	 0.00000 	 0.38475
------------------------
pi-  6-11%
0.23 	 0.28 	 311.2717 	 0.00000 	 8.16201
0.28 	 0.33 	 225.1783 	 0.00000 	 6.53471
0.33 	 0.38 	 174.7287 	 0.00000 	 3.24393
0.38 	 0.42 	 134.5570 	 0.00000 	 2.52546
0.42 	 0.47 	 100.4868 	 0.00000 	 2.08056
0.47 	 0.53 	 79.5935 	 0.00000 	 1.63004
0.53 	 0.57 	 62.2329 	 0.00000 	 1.63845
0.57 	 0.62 	 47.9901 	 0.00000 	 1.68207
0.62 	 0.68 	 38.4490 	 0.00000 	 1.40614
0.68 	 0.72 	 28.5472 	 0.00000 	 0.90498
------------------------
pi-  11-18%
0.23 	 0.28 	 254.7879 	 0.00000 	 6.01358
0.28 	 0.33 	 189.2850 	 0.00000 	 4.38004
0.33 	 0.38 	 143.4886 	 0.00000 	 2.21461
0.38 	 0.42 	 108.8738 	 0.00000 	 1.74541
0.42 	 0.47 	 81.5358 	 0.00000 	 1.41037
0.47 	 0.53 	 65.6424 	 0.00000 	 1.10244
0.53 	 0.57 	 50.4240 	 0.00000 	 1.13020
0.57 	 0.62 	 37.3668 	 0.00000 	 1.17920
0.62 	 0.68 	 30.9621 	 0.00000 	 1.01327
0.68 	 0.72 	 24.7109 	 0.00000 	 0.59166
------------------------
pi-  18-26%
0.23 	 0.28 	 189.6807 	 0.00000 	 4.88596
0.28 	 0.33 	 141.6400 	 0.00000 	 3.39278
0.33 	 0.38 	 108.6728 	 0.00000 	 1.77796
0.38 	 0.42 	 81.6251 	 0.00000 	 1.37393
0.42 	 0.47 	 63.7685 	 0.00000 	 1.10047
0.47 	 0.53 	 47.9796 	 0.00000 	 0.87508
0.53 	 0.57 	 36.9307 	 0.00000 	 0.84910
0.57 	 0.62 	 29.7448 	 0.00000 	 0.93509
0.62 	 0.68 	 22.7691 	 0.00000 	 0.74836
0.68 	 0.72 	 17.7303 	 0.00000 	 0.42759
------------------------
pi-  26-34%
0.23 	 0.28 	 144.9371 	 0.00000 	 3.86521
0.28 	 0.33 	 104.8005 	 0.00000 	 2.58394
0.33 	 0.38 	 79.7726 	 0.00000 	 1.41129
0.38 	 0.42 	 60.0722 	 0.00000 	 1.09990
0.42 	 0.47 	 47.2550 	 0.00000 	 0.89295
0.47 	 0.53 	 34.4784 	 0.00000 	 0.69872
0.53 	 0.57 	 27.7157 	 0.00000 	 0.66340
0.57 	 0.62 	 20.9498 	 0.00000 	 0.67828
0.62 	 0.68 	 17.3416 	 0.00000 	 0.57793
0.68 	 0.72 	 12.8518 	 0.00000 	 0.39117
------------------------
pi-  34-45%
0.23 	 0.28 	 95.6087 	 0.00000 	 2.73556
0.28 	 0.33 	 74.6245 	 0.00000 	 1.83262
0.33 	 0.38 	 55.6243 	 0.00000 	 0.98143
0.38 	 0.42 	 41.3439 	 0.00000 	 0.77268
0.42 	 0.47 	 32.1893 	 0.00000 	 0.61866
0.47 	 0.53 	 23.7228 	 0.00000 	 0.48836
0.53 	 0.57 	 18.9693 	 0.00000 	 0.44858
0.57 	 0.62 	 14.3027 	 0.00000 	 0.45655
0.62 	 0.68 	 11.3239 	 0.00000 	 0.38434
0.68 	 0.72 	 8.5587 	 0.00000 	 0.24184
------------------------
pi-  45-58%
0.23 	 0.28 	 58.8232 	 0.00000 	 1.58797
0.28 	 0.33 	 45.1739 	 0.00000 	 1.16079
0.33 	 0.38 	 33.7160 	 0.00000 	 0.67336
0.38 	 0.42 	 25.3188 	 0.00000 	 0.51444
0.42 	 0.47 	 18.4809 	 0.00000 	 0.41555
0.47 	 0.53 	 13.9225 	 0.00000 	 0.32609
0.53 	 0.57 	 11.0179 	 0.00000 	 0.28724
0.57 	 0.62 	 8.5350 	 0.00000 	 0.28686
0.62 	 0.68 	 6.7551 	 0.00000 	 0.24036
0.68 	 0.72 	 4.9237 	 0.00000 	 0.18011
------------------------
pi-  58-85%
0.23 	 0.28 	 23.3881 	 0.00000 	 0.77292
0.28 	 0.33 	 17.2990 	 0.00000 	 0.47209
0.33 	 0.38 	 12.8030 	 0.00000 	 0.27772
0.38 	 0.42 	 9.1142 	 0.00000 	 0.21275
0.42 	 0.47 	 6.9233 	 0.00000 	 0.17118
0.47 	 0.53 	 5.4855 	 0.00000 	 0.14218
0.53 	 0.57 	 3.8837 	 0.00000 	 0.11463
0.57 	 0.62 	 3.0929 	 0.00000 	 0.11223
0.62 	 0.68 	 2.3199 	 0.00000 	 0.09083
0.68 	 0.72 	 1.8622 	 0.00000 	 0.06863
------------------------
========================
Au+Au 130 GeV
------------------------
pTlow [GeV/c] pThigh [GeV/c] d^2N/(2pi*pt*dpt*dy)[(GeV/c)^-2] error(stat.) error(sys.)
pi0  0-6%
0.23 	 0.28 	 366.8194 	 0.00000 	 7.89923
0.28 	 0.33 	 276.1702 	 0.00000 	 5.74256
0.33 	 0.38 	 211.1963 	 0.00000 	 2.41306
0.38 	 0.42 	 161.4076 	 0.00000 	 1.85570
0.42 	 0.47 	 124.1161 	 0.00000 	 1.47482
0.47 	 0.53 	 97.2738 	 0.00000 	 1.14583
0.53 	 0.57 	 76.2061 	 0.00000 	 1.53311
0.57 	 0.62 	 59.4763 	 0.00000 	 1.77937
0.62 	 0.68 	 46.8834 	 0.00000 	 1.41669
0.68 	 0.72 	 37.2329 	 0.00000 	 0.41928
------------------------
pi0  6-11%
0.23 	 0.28 	 306.0105 	 0.00000 	 9.21956
0.28 	 0.33 	 226.2029 	 0.00000 	 6.56445
0.33 	 0.38 	 177.5356 	 0.00000 	 3.29604
0.38 	 0.42 	 132.9411 	 0.00000 	 2.71919
0.42 	 0.47 	 99.0679 	 0.00000 	 2.34001
0.47 	 0.53 	 79.5214 	 0.00000 	 1.63653
0.53 	 0.57 	 62.5430 	 0.00000 	 1.64662
0.57 	 0.62 	 47.5208 	 0.00000 	 1.67841
0.62 	 0.68 	 38.3897 	 0.00000 	 1.42224
0.68 	 0.72 	 29.1908 	 0.00000 	 1.11013
------------------------
pi0  11-18%
0.23 	 0.28 	 252.0524 	 0.00000 	 6.12118
0.28 	 0.33 	 187.5193 	 0.00000 	 4.36820
0.33 	 0.38 	 142.3124 	 0.00000 	 2.19645
0.38 	 0.42 	 109.7462 	 0.00000 	 1.75940
0.42 	 0.47 	 82.3184 	 0.00000 	 1.44532
0.47 	 0.53 	 64.7847 	 0.00000 	 1.09650
0.53 	 0.57 	 50.3672 	 0.00000 	 1.12892
0.57 	 0.62 	 38.2076 	 0.00000 	 1.20573
0.62 	 0.68 	 31.1782 	 0.00000 	 1.02034
0.68 	 0.72 	 24.5402 	 0.00000 	 0.62915
------------------------
pi0  18-26%
0.23 	 0.28 	 187.4843 	 0.00000 	 4.84659
0.28 	 0.33 	 142.2611 	 0.00000 	 3.40766
0.33 	 0.38 	 108.1870 	 0.00000 	 1.77001
0.38 	 0.42 	 82.0743 	 0.00000 	 1.39168
0.42 	 0.47 	 63.1920 	 0.00000 	 1.09711
0.47 	 0.53 	 48.4529 	 0.00000 	 0.88371
0.53 	 0.57 	 37.0262 	 0.00000 	 0.85130
0.57 	 0.62 	 29.3891 	 0.00000 	 0.92952
0.62 	 0.68 	 22.8584 	 0.00000 	 0.75129
0.68 	 0.72 	 17.7386 	 0.00000 	 0.45417
------------------------
pi0  26-34%
0.23 	 0.28 	 144.4801 	 0.00000 	 3.85302
0.28 	 0.33 	 104.9317 	 0.00000 	 2.62518
0.33 	 0.38 	 78.9910 	 0.00000 	 1.39747
0.38 	 0.42 	 60.3293 	 0.00000 	 1.10461
0.42 	 0.47 	 46.4929 	 0.00000 	 0.92866
0.47 	 0.53 	 35.6566 	 0.00000 	 0.72260
0.53 	 0.57 	 27.2377 	 0.00000 	 0.65909
0.57 	 0.62 	 21.2369 	 0.00000 	 0.68758
0.62 	 0.68 	 16.9232 	 0.00000 	 0.58034
0.68 	 0.72 	 12.8856 	 0.00000 	 0.39220
------------------------
pi0  34-45%
0.23 	 0.28 	 96.9247 	 0.00000 	 2.77321
0.28 	 0.33 	 75.2908 	 0.00000 	 1.84898
0.33 	 0.38 	 56.1080 	 0.00000 	 0.98997
0.38 	 0.42 	 41.6983 	 0.00000 	 0.77930
0.42 	 0.47 	 31.8020 	 0.00000 	 0.61567
0.47 	 0.53 	 23.8664 	 0.00000 	 0.49132
0.53 	 0.57 	 19.0892 	 0.00000 	 0.45141
0.57 	 0.62 	 14.4788 	 0.00000 	 0.46217
0.62 	 0.68 	 11.2677 	 0.00000 	 0.38244
0.68 	 0.72 	 8.6919 	 0.00000 	 0.24560
------------------------
pi0  45-58%
0.23 	 0.28 	 59.2213 	 0.00000 	 1.80338
0.28 	 0.33 	 44.7556 	 0.00000 	 1.18620
0.33 	 0.38 	 33.5895 	 0.00000 	 0.67084
0.38 	 0.42 	 25.6389 	 0.00000 	 0.52094
0.42 	 0.47 	 18.4857 	 0.00000 	 0.41566
0.47 	 0.53 	 13.9305 	 0.00000 	 0.32628
0.53 	 0.57 	 10.8424 	 0.00000 	 0.28582
0.57 	 0.62 	 8.4523 	 0.00000 	 0.28620
0.62 	 0.68 	 6.5657 	 0.00000 	 0.23696
0.68 	 0.72 	 4.8984 	 0.00000 	 0.17919
------------------------
pi0  58-85%
0.23 	 0.28 	 23.2263 	 0.00000 	 0.76758
0.28 	 0.33 	 17.3883 	 0.00000 	 0.47786
0.33 	 0.38 	 12.8648 	 0.00000 	 0.27906
0.38 	 0.42 	 9.4358 	 0.00000 	 0.22025
0.42 	 0.47 	 6.9454 	 0.00000 	 0.17173
0.47 	 0.53 	 5.2495 	 0.00000 	 0.14152
0.53 	 0.57 	 3.9641 	 0.00000 	 0.11701
0.57 	 0.62 	 2.9782 	 0.00000 	 0.11106
0.62 	 0.68 	 2.3537 	 0.00000 	 0.09247
0.68 	 0.72 	 1.8733 	 0.00000 	 0.06904
------------------------
========================
Au+Au 130 GeV
------------------------
pTlow [GeV/c] pThigh [GeV/c] d^2N/(2pi*pt*dpt*dy)[(GeV/c)^-2] error(stat.) error(sys.)
ka+  0-6%
0.17 	 0.23 	 29.8890 	 0.00000 	 1.74200
0.23 	 0.28 	 30.2200 	 0.00000 	 1.63700
0.28 	 0.33 	 25.7820 	 0.00000 	 1.36200
0.33 	 0.38 	 24.5280 	 0.00000 	 1.28200
0.38 	 0.42 	 21.9470 	 0.00000 	 1.14400
0.42 	 0.47 	 19.9350 	 0.00000 	 1.04500
0.47 	 0.53 	 17.7990 	 0.00000 	 0.93800
0.53 	 0.57 	 15.6730 	 0.00000 	 1.58400
0.57 	 0.62 	 14.2810 	 0.00000 	 1.44600
0.62 	 0.68 	 12.2700 	 0.00000 	 1.25200
0.68 	 0.72 	 9.7840 	 0.00000 	 1.02300
0.72 	 0.78 	 9.0990 	 0.00000 	 1.01500
0.78 	 0.82 	 6.2850 	 0.00000 	 0.84100
------------------------
ka+  6-11%
0.17 	 0.23 	 22.6340 	 0.00000 	 1.43600
0.23 	 0.28 	 23.5820 	 0.00000 	 1.33000
0.28 	 0.33 	 21.6320 	 0.00000 	 1.17800
0.33 	 0.38 	 19.2410 	 0.00000 	 1.03000
0.38 	 0.42 	 17.5820 	 0.00000 	 0.93800
0.42 	 0.47 	 15.6420 	 0.00000 	 0.84000
0.47 	 0.53 	 13.7690 	 0.00000 	 0.73400
0.53 	 0.57 	 12.1800 	 0.00000 	 1.24000
0.57 	 0.62 	 10.5980 	 0.00000 	 1.60500
0.62 	 0.68 	 9.9270 	 0.00000 	 1.02200
0.68 	 0.72 	 8.7430 	 0.00000 	 0.94000
0.72 	 0.78 	 7.6090 	 0.00000 	 0.86600
0.78 	 0.82 	 5.4820 	 0.00000 	 0.78700
------------------------
ka+  11-18%
0.17 	 0.23 	 18.2230 	 0.00000 	 1.83900
0.23 	 0.28 	 18.9170 	 0.00000 	 1.43000
0.28 	 0.33 	 17.4320 	 0.00000 	 1.19300
0.33 	 0.38 	 15.0680 	 0.00000 	 0.97800
0.38 	 0.42 	 13.6660 	 0.00000 	 0.88400
0.42 	 0.47 	 13.4030 	 0.00000 	 0.85200
0.47 	 0.53 	 11.3850 	 0.00000 	 0.70200
0.53 	 0.57 	 10.4120 	 0.00000 	 1.10800
0.57 	 0.62 	 8.1480 	 0.00000 	 0.89000
0.62 	 0.68 	 8.1270 	 0.00000 	 0.90800
0.68 	 0.72 	 7.1820 	 0.00000 	 0.93800
0.72 	 0.78 	 5.4310 	 0.00000 	 0.82300
0.78 	 0.82 	 4.6020 	 0.00000 	 1.13800
------------------------
ka+  18-26%
0.17 	 0.23 	 14.6670 	 0.00000 	 1.44900
0.23 	 0.28 	 16.0460 	 0.00000 	 1.19700
0.28 	 0.33 	 12.7050 	 0.00000 	 0.88300
0.33 	 0.38 	 12.6710 	 0.00000 	 0.82200
0.38 	 0.42 	 10.2600 	 0.00000 	 0.66300
0.42 	 0.47 	 10.0610 	 0.00000 	 0.64900
0.47 	 0.53 	 8.1260 	 0.00000 	 0.52800
0.53 	 0.57 	 7.3600 	 0.00000 	 0.79000
0.57 	 0.62 	 7.3380 	 0.00000 	 0.79800
0.62 	 0.68 	 6.1720 	 0.00000 	 0.70700
0.68 	 0.72 	 6.0540 	 0.00000 	 0.76100
0.72 	 0.78 	 5.0620 	 0.00000 	 0.83700
0.78 	 0.82 	 2.5860 	 0.00000 	 0.92000
------------------------
ka+  26-34%
0.17 	 0.23 	 11.8540 	 0.00000 	 1.21300
0.23 	 0.28 	 9.2060 	 0.00000 	 0.73900
0.28 	 0.33 	 9.2700 	 0.00000 	 0.68600
0.33 	 0.38 	 9.3140 	 0.00000 	 0.62400
0.38 	 0.42 	 8.6480 	 0.00000 	 0.55200
0.42 	 0.47 	 6.9930 	 0.00000 	 0.45900
0.47 	 0.53 	 6.1330 	 0.00000 	 0.40100
0.53 	 0.57 	 5.6150 	 0.00000 	 0.61400
0.57 	 0.62 	 5.5050 	 0.00000 	 0.60300
0.62 	 0.68 	 4.7330 	 0.00000 	 0.54300
0.68 	 0.72 	 4.9670 	 0.00000 	 0.81000
0.72 	 0.78 	 3.4460 	 0.00000 	 0.57000
0.78 	 0.82 	 2.5470 	 0.00000 	 0.54200
------------------------
ka+  34-45%
0.17 	 0.23 	 7.0230 	 0.00000 	 0.78700
0.23 	 0.28 	 8.1790 	 0.00000 	 0.63400
0.28 	 0.33 	 7.0040 	 0.00000 	 0.49200
0.33 	 0.38 	 6.3740 	 0.00000 	 0.41700
0.38 	 0.42 	 5.7040 	 0.00000 	 0.37700
0.42 	 0.47 	 5.4710 	 0.00000 	 0.36900
0.47 	 0.53 	 4.5450 	 0.00000 	 0.32600
0.53 	 0.57 	 3.7670 	 0.00000 	 0.41500
0.57 	 0.62 	 3.9120 	 0.00000 	 0.42800
0.62 	 0.68 	 3.2330 	 0.00000 	 0.36300
0.68 	 0.72 	 3.0870 	 0.00000 	 0.38200
0.72 	 0.78 	 2.0250 	 0.00000 	 0.31400
0.78 	 0.82 	 2.1460 	 0.00000 	 0.40000
------------------------
ka+  45-58%
0.17 	 0.23 	 6.2640 	 0.00000 	 0.70200
0.23 	 0.28 	 5.5620 	 0.00000 	 0.46200
0.28 	 0.33 	 4.9050 	 0.00000 	 0.37400
0.33 	 0.38 	 3.8160 	 0.00000 	 0.28100
0.38 	 0.42 	 3.6910 	 0.00000 	 0.25700
0.42 	 0.47 	 3.2350 	 0.00000 	 0.22300
0.47 	 0.53 	 2.8750 	 0.00000 	 0.22200
0.53 	 0.57 	 2.4940 	 0.00000 	 0.27800
0.57 	 0.62 	 2.2870 	 0.00000 	 0.25700
0.62 	 0.68 	 1.9750 	 0.00000 	 0.24000
0.68 	 0.72 	 1.8000 	 0.00000 	 0.28100
0.72 	 0.78 	 1.2320 	 0.00000 	 0.31200
0.78 	 0.82 	 0.8810 	 0.00000 	 0.26100
------------------------
ka+  58-85%
0.17 	 0.23 	 1.5780 	 0.00000 	 0.22300
0.23 	 0.28 	 2.1430 	 0.00000 	 0.19700
0.28 	 0.33 	 1.9010 	 0.00000 	 0.15200
0.33 	 0.38 	 1.3770 	 0.00000 	 0.10900
0.38 	 0.42 	 1.3200 	 0.00000 	 0.10000
0.42 	 0.47 	 1.0590 	 0.00000 	 0.09100
0.47 	 0.53 	 0.9090 	 0.00000 	 0.07200
0.53 	 0.57 	 0.9230 	 0.00000 	 0.10600
0.57 	 0.62 	 0.7450 	 0.00000 	 0.08800
0.62 	 0.68 	 0.5900 	 0.00000 	 0.07900
0.68 	 0.72 	 0.6550 	 0.00000 	 0.09000
0.72 	 0.78 	 0.4520 	 0.00000 	 0.08700
0.78 	 0.82 	 0.2830 	 0.00000 	 0.09200
------------------------
========================
Au+Au 130 GeV
------------------------
pTlow [GeV/c] pThigh [GeV/c] d^2N/(2pi*pt*dpt*dy)[(GeV/c)^-2] error(stat.) error(sys.)
ka-  0-6%
0.17 	 0.23 	 26.8040 	 0.00000 	 1.58700
0.23 	 0.28 	 27.5030 	 0.00000 	 1.50000
0.28 	 0.33 	 23.7200 	 0.00000 	 1.26500
0.33 	 0.38 	 21.9700 	 0.00000 	 1.15200
0.38 	 0.42 	 20.0900 	 0.00000 	 1.04900
0.42 	 0.47 	 18.4710 	 0.00000 	 0.96700
0.47 	 0.53 	 16.8930 	 0.00000 	 0.89300
0.53 	 0.57 	 14.7690 	 0.00000 	 1.49300
0.57 	 0.62 	 12.9540 	 0.00000 	 1.31300
0.62 	 0.68 	 10.9550 	 0.00000 	 1.11900
0.68 	 0.72 	 8.8560 	 0.00000 	 0.93100
0.72 	 0.78 	 8.3000 	 0.00000 	 0.93400
0.78 	 0.82 	 6.7800 	 0.00000 	 0.90000
------------------------
ka-  6-11%
0.17 	 0.23 	 22.7010 	 0.00000 	 1.44200
0.23 	 0.28 	 22.5200 	 0.00000 	 1.27600
0.28 	 0.33 	 19.1300 	 0.00000 	 1.05200
0.33 	 0.38 	 17.0760 	 0.00000 	 0.92300
0.38 	 0.42 	 15.9930 	 0.00000 	 0.85400
0.42 	 0.47 	 14.9740 	 0.00000 	 0.80500
0.47 	 0.53 	 13.8620 	 0.00000 	 0.74300
0.53 	 0.57 	 11.8770 	 0.00000 	 1.37400
0.57 	 0.62 	 9.8120 	 0.00000 	 1.50900
0.62 	 0.68 	 8.8940 	 0.00000 	 0.91900
0.68 	 0.72 	 8.0030 	 0.00000 	 0.85900
0.72 	 0.78 	 6.8270 	 0.00000 	 0.78500
0.78 	 0.82 	 4.3580 	 0.00000 	 1.02900
------------------------
ka-  11-18%
0.17 	 0.23 	 16.1030 	 0.00000 	 1.70600
0.23 	 0.28 	 17.0000 	 0.00000 	 1.26300
0.28 	 0.33 	 15.4520 	 0.00000 	 1.10400
0.33 	 0.38 	 14.2180 	 0.00000 	 0.94600
0.38 	 0.42 	 13.1350 	 0.00000 	 0.85400
0.42 	 0.47 	 11.1530 	 0.00000 	 0.72300
0.47 	 0.53 	 10.3580 	 0.00000 	 0.71100
0.53 	 0.57 	 8.6520 	 0.00000 	 0.93600
0.57 	 0.62 	 8.5160 	 0.00000 	 1.33300
0.62 	 0.68 	 8.1260 	 0.00000 	 1.29500
0.68 	 0.72 	 5.7660 	 0.00000 	 0.97600
0.72 	 0.78 	 5.6940 	 0.00000 	 0.97700
0.78 	 0.82 	 4.4320 	 0.00000 	 0.77500
------------------------
ka-  18-26%
0.17 	 0.23 	 11.7460 	 0.00000 	 1.28700
0.23 	 0.28 	 12.3410 	 0.00000 	 0.98000
0.28 	 0.33 	 12.5520 	 0.00000 	 0.86900
0.33 	 0.38 	 10.6780 	 0.00000 	 0.70900
0.38 	 0.42 	 10.3460 	 0.00000 	 0.67100
0.42 	 0.47 	 9.2150 	 0.00000 	 0.62400
0.47 	 0.53 	 8.2770 	 0.00000 	 0.55500
0.53 	 0.57 	 6.9270 	 0.00000 	 0.63300
0.57 	 0.62 	 6.7760 	 0.00000 	 1.05700
0.62 	 0.68 	 6.0000 	 0.00000 	 0.95300
0.68 	 0.72 	 5.2860 	 0.00000 	 0.88600
0.72 	 0.78 	 3.7370 	 0.00000 	 0.56700
0.78 	 0.82 	 3.5130 	 0.00000 	 0.67900
------------------------
ka-  26-34%
0.17 	 0.23 	 11.1660 	 0.00000 	 1.27700
0.23 	 0.28 	 10.7850 	 0.00000 	 0.85200
0.28 	 0.33 	 9.9270 	 0.00000 	 0.70700
0.33 	 0.38 	 7.8530 	 0.00000 	 0.54100
0.38 	 0.42 	 7.6130 	 0.00000 	 0.50600
0.42 	 0.47 	 6.3350 	 0.00000 	 0.43200
0.47 	 0.53 	 6.3990 	 0.00000 	 0.42000
0.53 	 0.57 	 5.3160 	 0.00000 	 0.58200
0.57 	 0.62 	 4.5760 	 0.00000 	 0.50900
0.62 	 0.68 	 4.0810 	 0.00000 	 0.46600
0.68 	 0.72 	 3.0780 	 0.00000 	 0.43000
0.72 	 0.78 	 2.7780 	 0.00000 	 0.43300
0.78 	 0.82 	 2.3150 	 0.00000 	 0.51800
------------------------
ka-  34-45%
0.17 	 0.23 	 7.1250 	 0.00000 	 0.79400
0.23 	 0.28 	 7.4210 	 0.00000 	 0.60500
0.28 	 0.33 	 6.5190 	 0.00000 	 0.49600
0.33 	 0.38 	 6.0920 	 0.00000 	 0.41900
0.38 	 0.42 	 5.4620 	 0.00000 	 0.36300
0.42 	 0.47 	 4.5800 	 0.00000 	 0.32000
0.47 	 0.53 	 4.4950 	 0.00000 	 0.32000
0.53 	 0.57 	 3.6440 	 0.00000 	 0.54000
0.57 	 0.62 	 3.3840 	 0.00000 	 0.37500
0.62 	 0.68 	 2.7160 	 0.00000 	 0.32200
0.68 	 0.72 	 2.7360 	 0.00000 	 0.34900
0.72 	 0.78 	 1.9350 	 0.00000 	 0.36700
0.78 	 0.82 	 0.9900 	 0.00000 	 0.35400
------------------------
ka-  45-58%
0.17 	 0.23 	 3.7750 	 0.00000 	 0.50100
0.23 	 0.28 	 4.2350 	 0.00000 	 0.56300
0.28 	 0.33 	 4.0950 	 0.00000 	 0.32700
0.33 	 0.38 	 3.9140 	 0.00000 	 0.30000
0.38 	 0.42 	 3.2620 	 0.00000 	 0.23500
0.42 	 0.47 	 2.8930 	 0.00000 	 0.20600
0.47 	 0.53 	 2.4180 	 0.00000 	 0.18000
0.53 	 0.57 	 1.9750 	 0.00000 	 0.26400
0.57 	 0.62 	 2.2410 	 0.00000 	 0.29400
0.62 	 0.68 	 1.7720 	 0.00000 	 0.24300
0.68 	 0.72 	 1.1700 	 0.00000 	 0.17900
0.72 	 0.78 	 1.3350 	 0.00000 	 0.20200
0.78 	 0.82 	 0.6560 	 0.00000 	 0.22000
------------------------
ka-  58-85%
0.17 	 0.23 	 1.9260 	 0.00000 	 0.24800
0.23 	 0.28 	 2.0280 	 0.00000 	 0.18300
0.28 	 0.33 	 1.4460 	 0.00000 	 0.13100
0.33 	 0.38 	 1.4830 	 0.00000 	 0.11500
0.38 	 0.42 	 1.3040 	 0.00000 	 0.09900
0.42 	 0.47 	 1.0850 	 0.00000 	 0.09100
0.47 	 0.53 	 0.8700 	 0.00000 	 0.06900
0.53 	 0.57 	 0.7720 	 0.00000 	 0.09100
0.57 	 0.62 	 0.6830 	 0.00000 	 0.08100
0.62 	 0.68 	 0.6560 	 0.00000 	 0.08000
0.68 	 0.72 	 0.5280 	 0.00000 	 0.07300
0.72 	 0.78 	 0.4640 	 0.00000 	 0.10800
0.78 	 0.82 	 0.2950 	 0.00000 	 0.14500
------------------------
========================
Au+Au 130 GeV
------------------------
pTlow [GeV/c] pThigh [GeV/c] d^2N/(2pi*pt*dpt*dy)[(GeV/c)^-2] error(stat.) error(sys.)
pbar  0-6%
0.38 	 0.42 	 4.2400 	 0.00000 	 0.13000
0.42 	 0.47 	 4.2500 	 0.00000 	 0.08000
0.47 	 0.53 	 4.1400 	 0.00000 	 0.04000
0.53 	 0.57 	 4.0800 	 0.00000 	 0.03000
0.57 	 0.62 	 3.9200 	 0.00000 	 0.03000
0.62 	 0.68 	 3.8400 	 0.00000 	 0.03000
0.68 	 0.72 	 3.6700 	 0.00000 	 0.03000
0.72 	 0.78 	 3.4900 	 0.00000 	 0.03000
0.78 	 0.82 	 3.3100 	 0.00000 	 0.03000
0.82 	 0.88 	 3.0900 	 0.00000 	 0.03000
0.88 	 0.93 	 2.8900 	 0.00000 	 0.02000
0.93 	 0.97 	 2.7200 	 0.00000 	 0.02000
0.97 	 1.02 	 2.5000 	 0.00000 	 0.02000
------------------------
pbar  6-11%
0.38 	 0.42 	 3.5400 	 0.00000 	 0.12000
0.42 	 0.47 	 3.4900 	 0.00000 	 0.07000
0.47 	 0.53 	 3.4500 	 0.00000 	 0.04000
0.53 	 0.57 	 3.3700 	 0.00000 	 0.03000
0.57 	 0.62 	 3.2900 	 0.00000 	 0.03000
0.62 	 0.68 	 3.1600 	 0.00000 	 0.03000
0.68 	 0.72 	 3.0400 	 0.00000 	 0.03000
0.72 	 0.78 	 2.8800 	 0.00000 	 0.03000
0.78 	 0.82 	 2.7600 	 0.00000 	 0.03000
0.82 	 0.88 	 2.5400 	 0.00000 	 0.03000
0.88 	 0.93 	 2.3100 	 0.00000 	 0.02000
0.93 	 0.97 	 2.1500 	 0.00000 	 0.02000
0.97 	 1.02 	 2.0000 	 0.00000 	 0.02000
------------------------
pbar  11-18%
0.38 	 0.42 	 3.0500 	 0.00000 	 0.15000
0.42 	 0.47 	 3.0600 	 0.00000 	 0.11000
0.47 	 0.53 	 2.9400 	 0.00000 	 0.07000
0.53 	 0.57 	 2.8800 	 0.00000 	 0.06000
0.57 	 0.62 	 2.7800 	 0.00000 	 0.06000
0.62 	 0.68 	 2.7400 	 0.00000 	 0.06000
0.68 	 0.72 	 2.5600 	 0.00000 	 0.05000
0.72 	 0.78 	 2.4200 	 0.00000 	 0.05000
0.78 	 0.82 	 2.1700 	 0.00000 	 0.05000
0.82 	 0.88 	 2.0700 	 0.00000 	 0.04000
0.88 	 0.93 	 1.8500 	 0.00000 	 0.04000
0.93 	 0.97 	 1.7700 	 0.00000 	 0.04000
0.97 	 1.02 	 1.6000 	 0.00000 	 0.04000
------------------------
pbar  18-26%
0.38 	 0.42 	 2.5600 	 0.00000 	 0.13000
0.42 	 0.47 	 2.6200 	 0.00000 	 0.09000
0.47 	 0.53 	 2.4100 	 0.00000 	 0.06000
0.53 	 0.57 	 2.4900 	 0.00000 	 0.06000
0.57 	 0.62 	 2.3900 	 0.00000 	 0.05000
0.62 	 0.68 	 2.1200 	 0.00000 	 0.05000
0.68 	 0.72 	 2.0500 	 0.00000 	 0.05000
0.72 	 0.78 	 1.9200 	 0.00000 	 0.04000
0.78 	 0.82 	 1.7800 	 0.00000 	 0.04000
0.82 	 0.88 	 1.6300 	 0.00000 	 0.04000
0.88 	 0.93 	 1.5000 	 0.00000 	 0.03000
0.93 	 0.97 	 1.3800 	 0.00000 	 0.03000
0.97 	 1.02 	 1.3300 	 0.00000 	 0.03000
------------------------
pbar  26-34%
0.38 	 0.42 	 2.0100 	 0.00000 	 0.11000
0.42 	 0.47 	 1.9900 	 0.00000 	 0.07000
0.47 	 0.53 	 1.9800 	 0.00000 	 0.05000
0.53 	 0.57 	 1.9300 	 0.00000 	 0.05000
0.57 	 0.62 	 1.7700 	 0.00000 	 0.04000
0.62 	 0.68 	 1.7200 	 0.00000 	 0.04000
0.68 	 0.72 	 1.6400 	 0.00000 	 0.04000
0.72 	 0.78 	 1.4900 	 0.00000 	 0.03000
0.78 	 0.82 	 1.3600 	 0.00000 	 0.03000
0.82 	 0.88 	 1.2900 	 0.00000 	 0.03000
0.88 	 0.93 	 1.2100 	 0.00000 	 0.03000
0.93 	 0.97 	 1.1300 	 0.00000 	 0.03000
0.97 	 1.02 	 0.9310 	 0.00000 	 0.02300
------------------------
pbar  34-45%
0.38 	 0.42 	 1.6200 	 0.00000 	 0.09000
0.42 	 0.47 	 1.5600 	 0.00000 	 0.06000
0.47 	 0.53 	 1.5300 	 0.00000 	 0.04000
0.53 	 0.57 	 1.4200 	 0.00000 	 0.04000
0.57 	 0.62 	 1.3200 	 0.00000 	 0.03000
0.62 	 0.68 	 1.2400 	 0.00000 	 0.03000
0.68 	 0.72 	 1.1800 	 0.00000 	 0.03000
0.72 	 0.78 	 1.1000 	 0.00000 	 0.03000
0.78 	 0.82 	 1.0200 	 0.00000 	 0.02000
0.82 	 0.88 	 0.9120 	 0.00000 	 0.02200
0.88 	 0.93 	 0.8020 	 0.00000 	 0.02000
0.93 	 0.97 	 0.7400 	 0.00000 	 0.01900
0.97 	 1.02 	 0.6690 	 0.00000 	 0.01700
------------------------
pbar  45-58%
0.38 	 0.42 	 1.1400 	 0.00000 	 0.06000
0.42 	 0.47 	 1.0200 	 0.00000 	 0.04000
0.47 	 0.53 	 1.0000 	 0.00000 	 0.03000
0.53 	 0.57 	 0.9700 	 0.00000 	 0.02600
0.57 	 0.62 	 0.8840 	 0.00000 	 0.02300
0.62 	 0.68 	 0.8130 	 0.00000 	 0.02200
0.68 	 0.72 	 0.7620 	 0.00000 	 0.02000
0.72 	 0.78 	 0.6520 	 0.00000 	 0.01700
0.78 	 0.82 	 0.6370 	 0.00000 	 0.01700
0.82 	 0.88 	 0.5930 	 0.00000 	 0.01600
0.88 	 0.93 	 0.5080 	 0.00000 	 0.01400
0.93 	 0.97 	 0.4360 	 0.00000 	 0.01200
0.97 	 1.02 	 0.3920 	 0.00000 	 0.01100
------------------------
pbar  58-85%
0.38 	 0.42 	 0.5050 	 0.00000 	 0.02900
0.42 	 0.47 	 0.4840 	 0.00000 	 0.02000
0.47 	 0.53 	 0.4370 	 0.00000 	 0.01300
0.53 	 0.57 	 0.4020 	 0.00000 	 0.01200
0.57 	 0.62 	 0.3610 	 0.00000 	 0.01100
0.62 	 0.68 	 0.3370 	 0.00000 	 0.01000
0.68 	 0.72 	 0.3240 	 0.00000 	 0.00900
0.72 	 0.78 	 0.2710 	 0.00000 	 0.00800
0.78 	 0.82 	 0.2360 	 0.00000 	 0.00700
0.82 	 0.88 	 0.2120 	 0.00000 	 0.00700
0.88 	 0.93 	 0.1950 	 0.00000 	 0.00600
0.93 	 0.97 	 0.1610 	 0.00000 	 0.00500
0.97 	 1.02 	 0.1450 	 0.00000 	 0.00500
------------------------
========================
Au+Au 130 GeV
------------------------
pTlow [GeV/c] pThigh [GeV/c] d^2N/(2pi*pt*dpt*dy)[(GeV/c)^-2] error(stat.) error(sys.)
proton  0-6%
0.38 	 0.42 	 6.0100 	 0.00000 	 0.49000
0.42 	 0.47 	 5.7300 	 0.00000 	 0.33000
0.47 	 0.53 	 5.6900 	 0.00000 	 0.21000
0.53 	 0.57 	 5.6700 	 0.00000 	 0.15000
0.57 	 0.62 	 5.6200 	 0.00000 	 0.15000
0.62 	 0.68 	 5.3900 	 0.00000 	 0.09000
0.68 	 0.72 	 5.1800 	 0.00000 	 0.09000
0.72 	 0.78 	 4.9600 	 0.00000 	 0.08000
0.78 	 0.82 	 4.7300 	 0.00000 	 0.03000
0.82 	 0.88 	 4.3600 	 0.00000 	 0.03000
0.88 	 0.93 	 4.0800 	 0.00000 	 0.03000
------------------------
proton  6-11%
0.38 	 0.42 	 4.9500 	 0.00000 	 0.41000
0.42 	 0.47 	 4.7500 	 0.00000 	 0.28000
0.47 	 0.53 	 4.8000 	 0.00000 	 0.19000
0.53 	 0.57 	 4.6600 	 0.00000 	 0.13000
0.57 	 0.62 	 4.6200 	 0.00000 	 0.13000
0.62 	 0.68 	 4.4400 	 0.00000 	 0.08000
0.68 	 0.72 	 4.2900 	 0.00000 	 0.08000
0.72 	 0.78 	 4.0300 	 0.00000 	 0.07000
0.78 	 0.82 	 3.7400 	 0.00000 	 0.03000
0.82 	 0.88 	 3.5200 	 0.00000 	 0.03000
0.88 	 0.93 	 3.2700 	 0.00000 	 0.03000
------------------------
proton  11-18%
0.38 	 0.42 	 4.2900 	 0.00000 	 0.42000
0.42 	 0.47 	 4.2500 	 0.00000 	 0.31000
0.47 	 0.53 	 4.1600 	 0.00000 	 0.21000
0.53 	 0.57 	 3.9600 	 0.00000 	 0.16000
0.57 	 0.62 	 3.8900 	 0.00000 	 0.15000
0.62 	 0.68 	 3.7000 	 0.00000 	 0.10000
0.68 	 0.72 	 3.5300 	 0.00000 	 0.10000
0.72 	 0.78 	 3.2800 	 0.00000 	 0.09000
0.78 	 0.82 	 3.1100 	 0.00000 	 0.05000
0.82 	 0.88 	 2.9600 	 0.00000 	 0.05000
0.88 	 0.93 	 2.6200 	 0.00000 	 0.05000
------------------------
proton  18-26%
0.38 	 0.42 	 3.5400 	 0.00000 	 0.34000
0.42 	 0.47 	 3.5000 	 0.00000 	 0.26000
0.47 	 0.53 	 3.2500 	 0.00000 	 0.17000
0.53 	 0.57 	 3.2200 	 0.00000 	 0.13000
0.57 	 0.62 	 3.0900 	 0.00000 	 0.12000
0.62 	 0.68 	 3.0400 	 0.00000 	 0.09000
0.68 	 0.72 	 2.9600 	 0.00000 	 0.08000
0.72 	 0.78 	 2.6400 	 0.00000 	 0.08000
0.78 	 0.82 	 2.4900 	 0.00000 	 0.05000
0.82 	 0.88 	 2.2600 	 0.00000 	 0.04000
0.88 	 0.93 	 2.1200 	 0.00000 	 0.04000
------------------------
proton  26-34%
0.38 	 0.42 	 2.7800 	 0.00000 	 0.28000
0.42 	 0.47 	 2.7400 	 0.00000 	 0.21000
0.47 	 0.53 	 2.5900 	 0.00000 	 0.14000
0.53 	 0.57 	 2.5400 	 0.00000 	 0.10000
0.57 	 0.62 	 2.4400 	 0.00000 	 0.10000
0.62 	 0.68 	 2.2700 	 0.00000 	 0.07000
0.68 	 0.72 	 2.2400 	 0.00000 	 0.06000
0.72 	 0.78 	 2.0300 	 0.00000 	 0.06000
0.78 	 0.82 	 1.9000 	 0.00000 	 0.04000
0.82 	 0.88 	 1.7300 	 0.00000 	 0.03000
0.88 	 0.93 	 1.6400 	 0.00000 	 0.03000
0.93 	 0.97 	 1.5100 	 0.00000 	 0.03000
0.97 	 1.02 	 1.360 	 0.00000 	 0.00300
------------------------
proton  34-45%
0.38 	 0.42 	 2.1900 	 0.00000 	 0.22000
0.42 	 0.47 	 2.0700 	 0.00000 	 0.16000
0.47 	 0.53 	 1.8100 	 0.00000 	 0.10000
0.53 	 0.57 	 1.8700 	 0.00000 	 0.08000
0.57 	 0.62 	 1.8200 	 0.00000 	 0.07000
0.62 	 0.68 	 1.6500 	 0.00000 	 0.05000
0.68 	 0.72 	 1.5700 	 0.00000 	 0.05000
0.72 	 0.78 	 1.4700 	 0.00000 	 0.04000
0.78 	 0.82 	 1.3800 	 0.00000 	 0.03000
0.82 	 0.88 	 1.230 	 0.00000 	 0.00300
0.88 	 0.93 	 1.100 	 0.00000 	 0.00200
0.93 	 0.97 	 0.9430 	 0.00000 	 0.02100
0.97 	 1.02 	 0.9620 	 0.00000 	 0.02100
------------------------
proton  45-58%
0.38 	 0.42 	 1.4600 	 0.00000 	 0.15000
0.42 	 0.47 	 1.4500 	 0.00000 	 0.11000
0.47 	 0.53 	 1.3400 	 0.00000 	 0.07000
0.53 	 0.57 	 1.250 	 0.00000 	 0.00500
0.57 	 0.62 	 1.190 	 0.00000 	 0.00500
0.62 	 0.68 	 1.050 	 0.00000 	 0.00300
0.68 	 0.72 	 0.9520 	 0.00000 	 0.03100
0.72 	 0.78 	 0.9170 	 0.00000 	 0.03000
0.78 	 0.82 	 0.8340 	 0.00000 	 0.01900
0.82 	 0.88 	 0.7480 	 0.00000 	 0.01700
0.88 	 0.93 	 0.6650 	 0.00000 	 0.01600
0.93 	 0.97 	 0.5840 	 0.00000 	 0.01400
0.97 	 1.02 	 0.5130 	 0.00000 	 0.01300
------------------------
proton  58-85%
0.38 	 0.42 	 0.6400 	 0.00000 	 0.06600
0.42 	 0.47 	 0.5990 	 0.00000 	 0.04700
0.47 	 0.53 	 0.5540 	 0.00000 	 0.03200
0.53 	 0.57 	 0.5120 	 0.00000 	 0.02400
0.57 	 0.62 	 0.4500 	 0.00000 	 0.02100
0.62 	 0.68 	 0.4610 	 0.00000 	 0.01600
0.68 	 0.72 	 0.3720 	 0.00000 	 0.01300
0.72 	 0.78 	 0.3510 	 0.00000 	 0.01200
0.78 	 0.82 	 0.3090 	 0.00000 	 0.00800
0.82 	 0.88 	 0.2790 	 0.00000 	 0.00800
0.88 	 0.93 	 0.2430 	 0.00000 	 0.00700
0.93 	 0.97 	 0.2020 	 0.00000 	 0.00600
0.97 	 1.02 	 0.1770 	 0.00000 	 0.00500
------------------------
========================
Au+Au 130 GeV
------------------------
pTlow [GeV/c] pThigh [GeV/c] d^2N/(2pi*pt*dpt*dy)[(GeV/c)^-2] error(stat.) error(sys.)
eta  0-6%
0.23 	 0.28 	 10.3543 	 10.35433 	 10.35433
0.28 	 0.33 	 11.6016 	 11.60165 	 11.60165
0.33 	 0.38 	 11.9166 	 11.91659 	 11.91659
0.38 	 0.42 	 11.4610 	 11.46096 	 11.46096
0.42 	 0.47 	 10.2516 	 10.25163 	 10.25163
0.47 	 0.53 	 9.4197 	 9.41974 	 9.41974
0.53 	 0.57 	 8.6425 	 8.64252 	 8.64252
0.57 	 0.62 	 7.3803 	 7.38033 	 7.38033
0.62 	 0.68 	 6.4223 	 6.42233 	 6.42233
0.68 	 0.72 	 5.6510 	 5.65102 	 5.65102
------------------------
eta  6-11%
0.23 	 0.28 	 8.6379 	 8.63786 	 8.63786
0.28 	 0.33 	 9.5026 	 9.50257 	 9.50257
0.33 	 0.38 	 10.0173 	 10.01731 	 10.01731
0.38 	 0.42 	 9.4397 	 9.43966 	 9.43966
0.42 	 0.47 	 8.1827 	 8.18272 	 8.18272
0.47 	 0.53 	 7.7006 	 7.70064 	 7.70064
0.53 	 0.57 	 7.0930 	 7.09299 	 7.09299
0.57 	 0.62 	 5.8968 	 5.89679 	 5.89679
0.62 	 0.68 	 5.2588 	 5.25882 	 5.25882
0.68 	 0.72 	 4.4304 	 4.43043 	 4.43043
------------------------
eta  11-18%
0.23 	 0.28 	 7.1148 	 7.11477 	 7.11477
0.28 	 0.33 	 7.8775 	 7.87751 	 7.87751
0.33 	 0.38 	 8.0299 	 8.02987 	 8.02987
0.38 	 0.42 	 7.7927 	 7.79267 	 7.79267
0.42 	 0.47 	 6.7993 	 6.79926 	 6.79926
0.47 	 0.53 	 6.2736 	 6.27358 	 6.27358
0.53 	 0.57 	 5.7121 	 5.71213 	 5.71213
0.57 	 0.62 	 4.7411 	 4.74112 	 4.74112
0.62 	 0.68 	 4.2709 	 4.27095 	 4.27095
0.68 	 0.72 	 3.7246 	 3.72458 	 3.72458
------------------------
eta  18-26%
0.23 	 0.28 	 5.2922 	 5.29218 	 5.29218
0.28 	 0.33 	 5.9763 	 5.97625 	 5.97625
0.33 	 0.38 	 6.1044 	 6.10437 	 6.10437
0.38 	 0.42 	 5.8278 	 5.82779 	 5.82779
0.42 	 0.47 	 5.2195 	 5.21948 	 5.21948
0.47 	 0.53 	 4.6920 	 4.69205 	 4.69205
0.53 	 0.57 	 4.1991 	 4.19913 	 4.19913
0.57 	 0.62 	 3.6468 	 3.64685 	 3.64685
0.62 	 0.68 	 3.1313 	 3.13126 	 3.13126
0.68 	 0.72 	 2.6923 	 2.69227 	 2.69227
------------------------
eta  26-34%
0.23 	 0.28 	 4.0783 	 4.07829 	 4.07829
0.28 	 0.33 	 4.4081 	 4.40808 	 4.40808
0.33 	 0.38 	 4.4570 	 4.45701 	 4.45701
0.38 	 0.42 	 4.2838 	 4.28376 	 4.28376
0.42 	 0.47 	 3.8402 	 3.84018 	 3.84018
0.47 	 0.53 	 3.4529 	 3.45289 	 3.45289
0.53 	 0.57 	 3.0890 	 3.08902 	 3.08902
0.57 	 0.62 	 2.6353 	 2.63526 	 2.63526
0.62 	 0.68 	 2.3182 	 2.31823 	 2.31823
0.68 	 0.72 	 1.9557 	 1.95571 	 1.95571
------------------------
eta  34-45%
0.23 	 0.28 	 2.7359 	 2.73593 	 2.73593
0.28 	 0.33 	 3.1629 	 3.16290 	 3.16290
0.33 	 0.38 	 3.1659 	 3.16585 	 3.16585
0.38 	 0.42 	 2.9608 	 2.96084 	 2.96084
0.42 	 0.47 	 2.6268 	 2.62675 	 2.62675
0.47 	 0.53 	 2.3112 	 2.31116 	 2.31116
0.53 	 0.57 	 2.1649 	 2.16490 	 2.16490
0.57 	 0.62 	 1.7967 	 1.79665 	 1.79665
0.62 	 0.68 	 1.5435 	 1.54351 	 1.54351
0.68 	 0.72 	 1.3192 	 1.31921 	 1.31921
------------------------
eta  45-58%
0.23 	 0.28 	 1.6717 	 1.67166 	 1.67166
0.28 	 0.33 	 1.8801 	 1.88014 	 1.88014
0.33 	 0.38 	 1.8953 	 1.89526 	 1.89526
0.38 	 0.42 	 1.8205 	 1.82052 	 1.82052
0.42 	 0.47 	 1.5269 	 1.52687 	 1.52687
0.47 	 0.53 	 1.3490 	 1.34899 	 1.34899
0.53 	 0.57 	 1.2296 	 1.22963 	 1.22963
0.57 	 0.62 	 1.0488 	 1.04883 	 1.04883
0.62 	 0.68 	 0.8994 	 0.89940 	 0.89940
0.68 	 0.72 	 0.7435 	 0.74345 	 0.74345
------------------------
eta  58-85%
0.23 	 0.28 	 0.6556 	 0.65562 	 0.65562
0.28 	 0.33 	 0.7305 	 0.73047 	 0.73047
0.33 	 0.38 	 0.7259 	 0.72589 	 0.72589
0.38 	 0.42 	 0.6700 	 0.67000 	 0.67000
0.42 	 0.47 	 0.5737 	 0.57367 	 0.57367
0.47 	 0.53 	 0.5083 	 0.50835 	 0.50835
0.53 	 0.57 	 0.4496 	 0.44957 	 0.44957
0.57 	 0.62 	 0.3696 	 0.36956 	 0.36956
0.62 	 0.68 	 0.3224 	 0.32242 	 0.32242
0.68 	 0.72 	 0.2843 	 0.28432 	 0.28432
------------------------
========================
Au+Au 130 GeV
------------------------
pTlow [GeV/c] pThigh [GeV/c] d^2N/(2pi*pt*dpt*dy)[(GeV/c)^-2] error(stat.) error(sys.)
omega  0-6%
0.23 	 0.28 	 17.2692 	 17.26924 	 17.26924
0.28 	 0.33 	 20.6927 	 20.69267 	 20.69267
0.33 	 0.38 	 22.3178 	 22.31775 	 22.31775
0.38 	 0.42 	 22.2206 	 22.22065 	 22.22065
0.42 	 0.47 	 20.2775 	 20.27753 	 20.27753
0.47 	 0.53 	 18.9682 	 18.96821 	 18.96821
0.53 	 0.57 	 17.6472 	 17.64715 	 17.64715
0.57 	 0.62 	 15.1607 	 15.16071 	 15.16071
0.62 	 0.68 	 13.2572 	 13.25716 	 13.25716
0.68 	 0.72 	 11.7005 	 11.70047 	 11.70047
------------------------
omega  6-11%
0.23 	 0.28 	 14.4065 	 14.40646 	 14.40646
0.28 	 0.33 	 16.9488 	 16.94876 	 16.94876
0.33 	 0.38 	 18.7607 	 18.76072 	 18.76072
0.38 	 0.42 	 18.3017 	 18.30172 	 18.30172
0.42 	 0.47 	 16.1853 	 16.18527 	 16.18527
0.47 	 0.53 	 15.5065 	 15.50652 	 15.50652
0.53 	 0.57 	 14.4832 	 14.48317 	 14.48317
0.57 	 0.62 	 12.1132 	 12.11321 	 12.11321
0.62 	 0.68 	 10.8554 	 10.85541 	 10.85541
0.68 	 0.72 	 9.1732 	 9.17324 	 9.17324
------------------------
omega  11-18%
0.23 	 0.28 	 11.8662 	 11.86620 	 11.86620
0.28 	 0.33 	 14.0503 	 14.05030 	 14.05030
0.33 	 0.38 	 15.0386 	 15.03858 	 15.03858
0.38 	 0.42 	 15.1085 	 15.10853 	 15.10853
0.42 	 0.47 	 13.4488 	 13.44881 	 13.44881
0.47 	 0.53 	 12.6329 	 12.63289 	 12.63289
0.53 	 0.57 	 11.6636 	 11.66360 	 11.66360
0.57 	 0.62 	 9.7392 	 9.73925 	 9.73925
0.62 	 0.68 	 8.8162 	 8.81622 	 8.81622
0.68 	 0.72 	 7.7118 	 7.71178 	 7.71178
------------------------
omega  18-26%
0.23 	 0.28 	 8.8264 	 8.82644 	 8.82644
0.28 	 0.33 	 10.6592 	 10.65923 	 10.65923
0.33 	 0.38 	 11.4324 	 11.43245 	 11.43245
0.38 	 0.42 	 11.2990 	 11.29900 	 11.29900
0.42 	 0.47 	 10.3240 	 10.32403 	 10.32403
0.47 	 0.53 	 9.4482 	 9.44822 	 9.44822
0.53 	 0.57 	 8.5742 	 8.57421 	 8.57421
0.57 	 0.62 	 7.4914 	 7.49138 	 7.49138
0.62 	 0.68 	 6.4636 	 6.46364 	 6.46364
0.68 	 0.72 	 5.5744 	 5.57437 	 5.57437
------------------------
omega  26-34%
0.23 	 0.28 	 6.8019 	 6.80188 	 6.80188
0.28 	 0.33 	 7.8622 	 7.86224 	 7.86224
0.33 	 0.38 	 8.3472 	 8.34722 	 8.34722
0.38 	 0.42 	 8.3054 	 8.30541 	 8.30541
0.42 	 0.47 	 7.5958 	 7.59580 	 7.59580
0.47 	 0.53 	 6.9530 	 6.95297 	 6.95297
0.53 	 0.57 	 6.3075 	 6.30747 	 6.30747
0.57 	 0.62 	 5.4134 	 5.41336 	 5.41336
0.62 	 0.68 	 4.7854 	 4.78535 	 4.78535
0.68 	 0.72 	 4.0493 	 4.04931 	 4.04931
------------------------
omega  34-45%
0.23 	 0.28 	 4.5631 	 4.56305 	 4.56305
0.28 	 0.33 	 5.6413 	 5.64133 	 5.64133
0.33 	 0.38 	 5.9291 	 5.92910 	 5.92910
0.38 	 0.42 	 5.7405 	 5.74052 	 5.74052
0.42 	 0.47 	 5.1957 	 5.19567 	 5.19567
0.47 	 0.53 	 4.6539 	 4.65390 	 4.65390
0.53 	 0.57 	 4.4205 	 4.42051 	 4.42051
0.57 	 0.62 	 3.6907 	 3.69069 	 3.69069
0.62 	 0.68 	 3.1862 	 3.18615 	 3.18615
0.68 	 0.72 	 2.7314 	 2.73144 	 2.73144
------------------------
omega  45-58%
0.23 	 0.28 	 2.7880 	 2.78804 	 2.78804
0.28 	 0.33 	 3.3534 	 3.35341 	 3.35341
0.33 	 0.38 	 3.5495 	 3.54950 	 3.54950
0.38 	 0.42 	 3.5297 	 3.52965 	 3.52965
0.42 	 0.47 	 3.0201 	 3.02011 	 3.02011
0.47 	 0.53 	 2.7164 	 2.71642 	 2.71642
0.53 	 0.57 	 2.5108 	 2.51079 	 2.51079
0.57 	 0.62 	 2.1545 	 2.15452 	 2.15452
0.62 	 0.68 	 1.8566 	 1.85657 	 1.85657
0.68 	 0.72 	 1.5393 	 1.53933 	 1.53933
------------------------
omega  58-85%
0.23 	 0.28 	 1.0935 	 1.09345 	 1.09345
0.28 	 0.33 	 1.3029 	 1.30286 	 1.30286
0.33 	 0.38 	 1.3595 	 1.35946 	 1.35946
0.38 	 0.42 	 1.2990 	 1.29901 	 1.29901
0.42 	 0.47 	 1.1347 	 1.13471 	 1.13471
0.47 	 0.53 	 1.0236 	 1.02364 	 1.02364
0.53 	 0.57 	 0.9180 	 0.91797 	 0.91797
0.57 	 0.62 	 0.7592 	 0.75915 	 0.75915
0.62 	 0.68 	 0.6656 	 0.66555 	 0.66555
0.68 	 0.72 	 0.5887 	 0.58869 	 0.58869
